1#      0       2868    16      14584   1.7166  0.096   8.7293  -185    114     35      -2.8244 1.7405  0.5344
2#      7       2800    -36     14516   1.6759  -0.0215 8.6886  -191    103     45      -2.9160 1.5725  0.6870
3#      14      2820    -16     14444   1.6879  -0.096  8.6455  -188    96      38      -2.8702 1.4656  0.5802
4#      21      2908    -52     14440   1.7406  -0.0311 8.6431  -190    114     41      -2.9008 1.7405  0.6260
5#      29      2804    -52     14444   1.6783  -0.0311 8.6455  -203    97      30      -3.0992 1.4809  0.4580
6#      36      2852    -100    14304   1.7071  -0.0599 8.5617  -199    108     29      -3.0382 1.6489  0.4427
7#      44      2716    -8      14416   1.6257  -0.048  8.6287  -195    114     39      -2.9771 1.7405  0.5954
8#      51      2792    -28     14400   1.6712  -0.0168 8.6191  -192    111     50      -2.9313 1.6947  0.7634
9#      59      2844    -52     14472   1.7023  -0.0311 8.6622  -189    106     41      -2.8855 1.6183  0.6260
10#     67      2920    -92     14380   1.7478  -0.0551 8.6072  -191    110     36      -2.9160 1.6794  0.5496
11#     75      2812    44      14352   1.6831  0.0263  8.5904  -198    99      45      -3.0229 1.5115  0.6870
12#     82      2756    44      14588   1.6496  0.0263  8.7317  -194    103     45      -2.9618 1.5725  0.6870
13#     89      2696    -24     14456   1.6137  -0.0144 8.6526  -201    112     37      -3.0687 1.7099  0.5649
14#     97      2748    4       14408   1.6448  0.024   8.6239  -195    108     44      -2.9771 1.6489  0.6718
15#     104     2872    120     14244   1.7190  0.0718  8.5258  -194    117     37      -2.9618 1.7863  0.5649
16#     112     2804    -96     14428   1.6783  -0.0575 8.6359  -197    102     44      -3.076  1.5573  0.6718
17#     120     2880    -32     14484   1.7238  -0.0192 8.6694  -193    113     38      -2.9466 1.7252  0.5802
18#     128     2792    -88     14524   1.6712  -0.0527 8.6933  -194    90      36      -2.9618 1.3740  0.5496
19#     136     2800    -112    14424   1.6759  -0.0670 8.6335  -195    96      34      -2.9771 1.4656  0.5191
20#     144     2744    48      14408   1.6424  0.0287  8.6239  -182    109     37      -2.7786 1.6641  0.5649
21#     152     2784    -84     14336   1.6664  -0.0503 8.5808  -203    109     37      -3.0992 1.6641  0.5649
22#     160     2748    52      14352   1.6448  0.0311  8.5904  -193    102     37      -2.9466 1.5573  0.5649
23#     168     2940    -36     14396   1.7597  -0.0215 8.6167  -196    101     49      -2.9924 1.5420  0.7481
24#     207     2820    -20     14472   1.6879  -0.0120 8.6622  -195    113     38      -2.9771 1.7252  0.5802
25#     215     2824    -96     14304   1.6903  -0.0575 8.5617  -195    109     33      -2.9771 1.6641  0.5038
26#     223     2796    -56     14304   1.6735  -0.0335 8.5617  -197    98      37      -3.076  1.4962  0.5649
27#     231     2860    -92     14460   1.7119  -0.0551 8.6550  -195    111     35      -2.9771 1.6947  0.5344
28#     239     2828    -20     14404   1.6927  -0.0120 8.6215  -197    116     42      -3.076  1.7710  0.6412
29#     247     2848    -44     14332   1.7047  -0.0263 8.5784  -192    105     37      -2.9313 1.6031  0.5649
30#     255     2796    32      14308   1.6735  0.0192  8.5641  -195    107     41      -2.9771 1.6336  0.6260
31#     263     2748    -88     14332   1.6448  -0.0527 8.5784  -194    106     37      -2.9618 1.6183  0.5649
32#     271     2864    -48     14492   1.7142  -0.0287 8.6742  -184    99      43      -2.8092 1.5115  0.6565
33#     279     2916    68      14300   1.7454  0.0407  8.5593  -184    105     40      -2.8092 1.6031  0.6107
34#     287     2808    20      14432   1.6807  0.0120  8.6383  -194    114     38      -2.9618 1.7405  0.5802
35#     295     2868    -16     14232   1.7166  -0.096  8.5186  -188    107     38      -2.8702 1.6336  0.5802
36#     303     2888    -64     14216   1.7286  -0.0383 8.5090  -192    122     38      -2.9313 1.8626  0.5802
37#     311     2864    -76     14352   1.7142  -0.0455 8.5904  -188    97      41      -2.8702 1.4809  0.6260
38#     319     2848    -32     14440   1.7047  -0.0192 8.6431  -204    103     35      -3.1145 1.5725  0.5344
39#     327     2880    -24     14460   1.7238  -0.0144 8.6550  -195    113     44      -2.9771 1.7252  0.6718
40#     335     2816    108     14524   1.6855  0.0646  8.6933  -195    104     30      -2.9771 1.5878  0.4580
41#     343     2732    -84     14480   1.6352  -0.0503 8.6670  -193    102     36      -2.9466 1.5573  0.5496
42#     351     2792    20      14520   1.6712  0.0120  8.6910  -193    105     38      -2.9466 1.6031  0.5802
43#     359     2828    -132    14460   1.6927  -0.0790 8.6550  -204    101     39      -3.1145 1.5420  0.5954
44#     367     2800    -80     14416   1.6759  -0.0479 8.6287  -197    103     43      -3.076  1.5725  0.6565
45#     375     2860    -88     14496   1.7119  -0.0527 8.6766  -202    113     33      -3.0840 1.7252  0.5038
46#     383     2716    4       14272   1.6257  0.024   8.5425  -195    110     41      -2.9771 1.6794  0.6260
47#     390     2792    -60     14400   1.6712  -0.0359 8.6191  -201    112     49      -3.0687 1.7099  0.7481
48#     398     2864    60      14432   1.7142  0.0359  8.6383  -190    109     28      -2.9008 1.6641  0.4275
49#     406     2800    -16     14356   1.6759  -0.096  8.5928  -192    103     27      -2.9313 1.5725  0.4122
50#     414     2804    16      14308   1.6783  0.096   8.5641  -191    111     47      -2.9160 1.6947  0.7176
51#     421     2800    -48     14384   1.6759  -0.0287 8.6095  -194    108     36      -2.9618 1.6489  0.5496
52#     429     2832    12      14444   1.6951  0.072   8.6455  -191    104     28      -2.9160 1.5878  0.4275
53#     436     2892    -108    14436   1.7310  -0.0646 8.6407  -196    111     46      -2.9924 1.6947  0.7023
54#     444     2752    -4      14240   1.6472  -0.024  8.5234  -205    99      46      -3.1298 1.5115  0.7023
55#     451     2716    0       14364   1.6257  0.00    8.5976  -192    114     33      -2.9313 1.7405  0.5038
56#     458     2888    -20     14520   1.7286  -0.0120 8.6910  -196    107     40      -2.9924 1.6336  0.6107
57#     466     2856    -88     14408   1.7095  -0.0527 8.6239  -200    108     33      -3.0534 1.6489  0.5038
58#     474     2756    -84     14412   1.6496  -0.0503 8.6263  -191    114     38      -2.9160 1.7405  0.5802
59#     482     2868    -100    14744   1.7166  -0.0599 8.8250  -196    106     45      -2.9924 1.6183  0.6870
60#     490     2844    -20     14388   1.7023  -0.0120 8.6119  -197    108     44      -3.076  1.6489  0.6718
61#     498     2792    -76     14376   1.6712  -0.0455 8.6048  -200    106     40      -3.0534 1.6183  0.6107
62#     506     2984    16      14320   1.7861  0.096   8.5712  -197    107     42      -3.076  1.6336  0.6412
63#     513     2760    -40     14396   1.6520  -0.0239 8.6167  -201    113     26      -3.0687 1.7252  0.3969
64#     521     2960    12      14496   1.7717  0.072   8.6766  -199    107     35      -3.0382 1.6336  0.5344
65#     528     2784    -64     14336   1.6664  -0.0383 8.5808  -200    118     36      -3.0534 1.8015  0.5496
66#     536     2784    -40     14408   1.6664  -0.0239 8.6239  -183    105     39      -2.7939 1.6031  0.5954
67#     544     2772    44      14208   1.6592  0.0263  8.5042  -197    104     32      -3.076  1.5878  0.4885
68#     551     2832    -148    14392   1.6951  -0.0886 8.6143  -197    100     27      -3.076  1.5267  0.4122
69#     559     2744    -40     14444   1.6424  -0.0239 8.6455  -195    108     38      -2.9771 1.6489  0.5802
70#     567     2844    -100    14308   1.7023  -0.0599 8.5641  -190    99      44      -2.9008 1.5115  0.6718
71#     575     2708    -68     14448   1.6209  -0.0407 8.6479  -188    97      39      -2.8702 1.4809  0.5954
72#     583     2856    -68     14436   1.7095  -0.0407 8.6407  -185    112     37      -2.8244 1.7099  0.5649
73#     591     2860    -76     14376   1.7119  -0.0455 8.6048  -188    103     52      -2.8702 1.5725  0.7939
74#     599     2820    -92     14572   1.6879  -0.0551 8.7221  -191    112     39      -2.9160 1.7099  0.5954
75#     607     2876    36      14544   1.7214  0.0215  8.7053  -203    98      42      -3.0992 1.4962  0.6412
76#     614     2820    40      14392   1.6879  0.0239  8.6143  -193    108     50      -2.9466 1.6489  0.7634
77#     622     2780    4       14340   1.6640  0.024   8.5832  -204    105     39      -3.1145 1.6031  0.5954
78#     629     2812    16      14256   1.6831  0.096   8.5329  -192    103     33      -2.9313 1.5725  0.5038
79#     636     2800    -80     14496   1.6759  -0.0479 8.6766  -195    102     41      -2.9771 1.5573  0.6260
80#     644     2768    44      14364   1.6568  0.0263  8.5976  -194    111     47      -2.9618 1.6947  0.7176
81#     652     2888    -144    14508   1.7286  -0.0862 8.6838  -185    117     45      -2.8244 1.7863  0.6870
82#     660     2876    -76     14252   1.7214  -0.0455 8.5305  -194    97      40      -2.9618 1.4809  0.6107
83#     668     2792    28      14388   1.6712  0.0168  8.6119  -191    102     38      -2.9160 1.5573  0.5802
84#     676     2764    -128    14252   1.6544  -0.0766 8.5305  -194    111     39      -2.9618 1.6947  0.5954
85#     684     2780    -68     14532   1.6640  -0.0407 8.6981  -196    105     47      -2.9924 1.6031  0.7176
86#     692     2824    -80     14372   1.6903  -0.0479 8.6024  -188    112     39      -2.8702 1.7099  0.5954
87#     700     2788    -48     14348   1.6688  -0.0287 8.5880  -200    113     35      -3.0534 1.7252  0.5344
88#     708     2852    -52     14436   1.7071  -0.0311 8.6407  -191    106     31      -2.9160 1.6183  0.4733
89#     716     2908    -96     14484   1.7406  -0.0575 8.6694  -195    107     46      -2.9771 1.6336  0.7023
90#     724     2844    -72     14472   1.7023  -0.0431 8.6622  -192    102     34      -2.9313 1.5573  0.5191
91#     732     2780    -64     14360   1.6640  -0.0383 8.5952  -188    113     44      -2.8702 1.7252  0.6718
92#     740     2840    -8      14444   1.6999  -0.048  8.6455  -202    101     37      -3.0840 1.5420  0.5649
93#     748     2868    -16     14324   1.7166  -0.096  8.5736  -199    110     34      -3.0382 1.6794  0.5191
94#     756     2804    -64     14376   1.6783  -0.0383 8.6048  -191    100     39      -2.9160 1.5267  0.5954
95#     764     2772    -44     14428   1.6592  -0.0263 8.6359  -199    109     31      -3.0382 1.6641  0.4733
96#     772     2756    -76     14464   1.6496  -0.0455 8.6574  -198    104     32      -3.0229 1.5878  0.4885
97#     780     2744    4       14460   1.6424  0.024   8.6550  -188    107     33      -2.8702 1.6336  0.5038
98#     787     2836    -52     14512   1.6975  -0.0311 8.6862  -198    111     29      -3.0229 1.6947  0.4427
99#     795     2804    36      14400   1.6783  0.0215  8.6191  -195    111     41      -2.9771 1.6947  0.6260
100#    803     2868    -28     14332   1.7166  -0.0168 8.5784  -197    102     35      -3.076  1.5573  0.5344