1#      0       2756    -24     14556   1.6496  -0.0144 8.7125  -202    110     35      -3.0840 1.6794  0.5344
2#      106     2796    -28     14368   1.6735  -0.0168 8.6000  -199    109     44      -3.0382 1.6641  0.6718
3#      213     2776    -8      14440   1.6616  -0.048  8.6431  -199    108     41      -3.0382 1.6489  0.6260
4#      319     2796    -64     14380   1.6735  -0.0383 8.6072  -203    105     36      -3.0992 1.6031  0.5496
5#      426     2884    20      14420   1.7262  0.0120  8.6311  -194    102     37      -2.9618 1.5573  0.5649
6#      532     2736    12      14420   1.6376  0.072   8.6311  -194    102     31      -2.9618 1.5573  0.4733
7#      638     2804    8       14448   1.6783  0.048   8.6479  -199    114     38      -3.0382 1.7405  0.5802
8#      744     2896    -28     14356   1.7334  -0.0168 8.5928  -187    105     31      -2.8550 1.6031  0.4733
9#      868     2824    32      14200   1.6903  0.0192  8.4994  -192    105     35      -2.9313 1.6031  0.5344
10#     974     2756    -88     14444   1.6496  -0.0527 8.6455  -193    101     44      -2.9466 1.5420  0.6718
11#     1081    2824    -80     14480   1.6903  -0.0479 8.6670  -191    114     49      -2.9160 1.7405  0.7481
12#     1188    2796    -44     14456   1.6735  -0.0263 8.6526  -194    111     43      -2.9618 1.6947  0.6565
13#     1295    2772    -92     14644   1.6592  -0.0551 8.7652  -185    101     45      -2.8244 1.5420  0.6870
14#     1402    2712    0       14556   1.6233  0.00    8.7125  -193    110     51      -2.9466 1.6794  0.7786
15#     1508    2872    48      14488   1.7190  0.0287  8.6718  -188    107     43      -2.8702 1.6336  0.6565
16#     1615    2816    -116    14460   1.6855  -0.0694 8.6550  -195    108     43      -2.9771 1.6489  0.6565
17#     1722    2812    -116    14592   1.6831  -0.0694 8.7340  -197    108     35      -3.076  1.6489  0.5344
18#     1829    2776    -76     14508   1.6616  -0.0455 8.6838  -184    111     45      -2.8092 1.6947  0.6870
19#     1967    2704    4       14328   1.6185  0.024   8.5760  -201    105     46      -3.0687 1.6031  0.7023
20#     2073    2920    40      14392   1.7478  0.0239  8.6143  -195    110     41      -2.9771 1.6794  0.6260
21#     2180    2732    -52     14348   1.6352  -0.0311 8.5880  -189    112     34      -2.8855 1.7099  0.5191
22#     2287    2768    -136    14372   1.6568  -0.0814 8.6024  -194    109     45      -2.9618 1.6641  0.6870
23#     2394    2808    -24     14424   1.6807  -0.0144 8.6335  -192    107     37      -2.9313 1.6336  0.5649
24#     2501    2724    20      14332   1.6305  0.0120  8.5784  -193    99      34      -2.9466 1.5115  0.5191
25#     2608    2796    12      14516   1.6735  0.072   8.6886  -200    112     39      -3.0534 1.7099  0.5954
26#     2715    2836    -136    14328   1.6975  -0.0814 8.5760  -194    97      28      -2.9618 1.4809  0.4275
27#     2822    2860    -72     14380   1.7119  -0.0431 8.6072  -196    105     41      -2.9924 1.6031  0.6260
28#     2929    2776    -44     14496   1.6616  -0.0263 8.6766  -188    104     46      -2.8702 1.5878  0.7023
29#     3036    2792    -24     14380   1.6712  -0.0144 8.6072  -195    108     38      -2.9771 1.6489  0.5802
30#     3143    2728    0       14352   1.6328  0.00    8.5904  -191    107     26      -2.9160 1.6336  0.3969
31#     3249    2852    -60     14476   1.7071  -0.0359 8.6646  -194    105     48      -2.9618 1.6031  0.7328
32#     3356    2812    -112    14412   1.6831  -0.0670 8.6263  -197    99      35      -3.076  1.5115  0.5344
33#     3463    2836    -108    14500   1.6975  -0.0646 8.6790  -201    110     34      -3.0687 1.6794  0.5191
34#     3570    2812    -36     14372   1.6831  -0.0215 8.6024  -191    112     45      -2.9160 1.7099  0.6870
35#     3677    2784    24      14480   1.6664  0.0144  8.6670  -205    103     40      -3.1298 1.5725  0.6107
36#     3784    2772    4       14440   1.6592  0.024   8.6431  -194    101     37      -2.9618 1.5420  0.5649
37#     3890    2820    -96     14336   1.6879  -0.0575 8.5808  -193    100     29      -2.9466 1.5267  0.4427
38#     3997    2820    24      14352   1.6879  0.0144  8.5904  -205    107     35      -3.1298 1.6336  0.5344
39#     4104    2772    -68     14328   1.6592  -0.0407 8.5760  -187    100     39      -2.8550 1.5267  0.5954
40#     4211    2776    -136    14540   1.6616  -0.0814 8.7029  -191    105     35      -2.9160 1.6031  0.5344
41#     4318    2844    -92     14348   1.7023  -0.0551 8.5880  -196    108     41      -2.9924 1.6489  0.6260
42#     4425    2800    -52     14372   1.6759  -0.0311 8.6024  -193    100     37      -2.9466 1.5267  0.5649
43#     4532    2864    -12     14404   1.7142  -0.072  8.6215  -203    112     45      -3.0992 1.7099  0.6870
44#     4639    2764    -52     14476   1.6544  -0.0311 8.6646  -189    95      35      -2.8855 1.4504  0.5344
45#     4746    2772    -32     14404   1.6592  -0.0192 8.6215  -211    100     45      -3.2214 1.5267  0.6870
46#     4853    2788    -36     14532   1.6688  -0.0215 8.6981  -193    101     44      -2.9466 1.5420  0.6718
47#     4960    2720    -68     14544   1.6281  -0.0407 8.7053  -188    109     31      -2.8702 1.6641  0.4733
48#     5067    2752    96      14476   1.6472  0.0575  8.6646  -207    112     39      -3.1603 1.7099  0.5954
49#     5174    2704    -48     14428   1.6185  -0.0287 8.6359  -197    99      35      -3.076  1.5115  0.5344
50#     5281    2872    -24     14448   1.7190  -0.0144 8.6479  -197    102     27      -3.076  1.5573  0.4122
51#     5388    2872    28      14412   1.7190  0.0168  8.6263  -191    102     43      -2.9160 1.5573  0.6565
52#     5495    2864    -76     14472   1.7142  -0.0455 8.6622  -194    126     38      -2.9618 1.9237  0.5802
53#     5602    2820    -72     14300   1.6879  -0.0431 8.5593  -181    108     40      -2.7634 1.6489  0.6107
54#     5709    2772    -96     14372   1.6592  -0.0575 8.6024  -198    117     41      -3.0229 1.7863  0.6260
55#     5816    2860    -80     14428   1.7119  -0.0479 8.6359  -196    105     27      -2.9924 1.6031  0.4122
56#     5953    2872    28      14524   1.7190  0.0168  8.6933  -199    113     36      -3.0382 1.7252  0.5496
57#     6060    2852    -64     14576   1.7071  -0.0383 8.7245  -193    101     40      -2.9466 1.5420  0.6107
58#     6167    2800    -64     14440   1.6759  -0.0383 8.6431  -187    106     36      -2.8550 1.6183  0.5496
59#     6274    2768    -112    14548   1.6568  -0.0670 8.7077  -206    98      43      -3.1450 1.4962  0.6565
60#     6381    2876    -88     14356   1.7214  -0.0527 8.5928  -196    119     41      -2.9924 1.8168  0.6260
61#     6488    2852    -44     14368   1.7071  -0.0263 8.6000  -187    105     31      -2.8550 1.6031  0.4733
62#     6595    2852    -16     14340   1.7071  -0.096  8.5832  -204    98      31      -3.1145 1.4962  0.4733
63#     6702    2892    -68     14516   1.7310  -0.0407 8.6886  -198    102     29      -3.0229 1.5573  0.4427
64#     6809    2868    -32     14388   1.7166  -0.0192 8.6119  -193    107     31      -2.9466 1.6336  0.4733
65#     6916    2824    12      14284   1.6903  0.072   8.5497  -199    110     35      -3.0382 1.6794  0.5344
66#     7023    2848    -60     14472   1.7047  -0.0359 8.6622  -198    100     36      -3.0229 1.5267  0.5496
67#     7130    2824    88      14336   1.6903  0.0527  8.5808  -195    104     45      -2.9771 1.5878  0.6870
68#     7237    2816    12      14328   1.6855  0.072   8.5760  -190    103     31      -2.9008 1.5725  0.4733
69#     7344    2836    -72     14368   1.6975  -0.0431 8.6000  -195    115     35      -2.9771 1.7557  0.5344
70#     7451    2836    -48     14452   1.6975  -0.0287 8.6503  -186    112     35      -2.8397 1.7099  0.5344
71#     7558    2752    -16     14480   1.6472  -0.096  8.6670  -187    119     40      -2.8550 1.8168  0.6107
72#     7665    2816    -36     14508   1.6855  -0.0215 8.6838  -195    100     43      -2.9771 1.5267  0.6565
73#     7772    2808    -20     14512   1.6807  -0.0120 8.6862  -203    114     44      -3.0992 1.7405  0.6718
74#     7879    2840    -48     14460   1.6999  -0.0287 8.6550  -199    112     32      -3.0382 1.7099  0.4885
75#     7986    2852    52      14280   1.7071  0.0311  8.5473  -193    105     35      -2.9466 1.6031  0.5344
76#     8093    2824    -72     14464   1.6903  -0.0431 8.6574  -194    113     48      -2.9618 1.7252  0.7328
77#     8200    2756    -8      14464   1.6496  -0.048  8.6574  -185    103     42      -2.8244 1.5725  0.6412
78#     8307    2784    -68     14520   1.6664  -0.0407 8.6910  -197    99      43      -3.076  1.5115  0.6565
79#     8414    2868    32      14584   1.7166  0.0192  8.7293  -189    105     34      -2.8855 1.6031  0.5191
80#     8521    2832    -200    14528   1.6951  -0.1197 8.6957  -195    109     41      -2.9771 1.6641  0.6260
81#     8628    2976    -4      14356   1.7813  -0.024  8.5928  -193    118     38      -2.9466 1.8015  0.5802
82#     8735    2764    -60     14516   1.6544  -0.0359 8.6886  -204    106     45      -3.1145 1.6183  0.6870
83#     8842    2796    -48     14368   1.6735  -0.0287 8.6000  -186    109     39      -2.8397 1.6641  0.5954
84#     8949    2852    -24     14416   1.7071  -0.0144 8.6287  -196    100     37      -2.9924 1.5267  0.5649
85#     9056    2784    -20     14340   1.6664  -0.0120 8.5832  -187    111     41      -2.8550 1.6947  0.6260
86#     9163    2784    4       14376   1.6664  0.024   8.6048  -200    106     32      -3.0534 1.6183  0.4885
87#     9269    2768    -32     14504   1.6568  -0.0192 8.6814  -195    103     39      -2.9771 1.5725  0.5954
88#     9376    2784    -24     14300   1.6664  -0.0144 8.5593  -190    105     38      -2.9008 1.6031  0.5802
89#     9483    2828    -28     14464   1.6927  -0.0168 8.6574  -189    99      41      -2.8855 1.5115  0.6260
90#     9590    2896    -52     14344   1.7334  -0.0311 8.5856  -194    103     35      -2.9618 1.5725  0.5344
91#     9697    2796    -96     14232   1.6735  -0.0575 8.5186  -194    105     43      -2.9618 1.6031  0.6565
92#     9804    2748    -104    14464   1.6448  -0.0622 8.6574  -194    110     46      -2.9618 1.6794  0.7023
93#     9941    2704    72      14428   1.6185  0.0431  8.6359  -196    109     37      -2.9924 1.6641  0.5649
94#     10048   2876    32      14312   1.7214  0.0192  8.5665  -186    110     34      -2.8397 1.6794  0.5191
95#     10155   2876    -108    14432   1.7214  -0.0646 8.6383  -199    111     49      -3.0382 1.6947  0.7481
96#     10262   2828    -20     14376   1.6927  -0.0120 8.6048  -196    99      43      -2.9924 1.5115  0.6565
97#     10369   2736    52      14492   1.6376  0.0311  8.6742  -195    104     43      -2.9771 1.5878  0.6565
98#     10476   2832    -132    14320   1.6951  -0.0790 8.5712  -196    105     41      -2.9924 1.6031  0.6260
99#     10583   2896    -8      14464   1.7334  -0.048  8.6574  -190    104     33      -2.9008 1.5878  0.5038
100#    10690   2828    -80     14328   1.6927  -0.0479 8.5760  -185    103     34      -2.8244 1.5725  0.5191