1#      0       2732    148     14484   1.6352  0.0886  8.6694  -207    121     36      -3.1603 1.8473  0.5496
2#      16      2868    -60     14400   1.7166  -0.0359 8.6191  -187    87      37      -2.8550 1.3282  0.5649
3#      32      2832    -104    14512   1.6951  -0.0622 8.6862  -197    117     41      -3.076  1.7863  0.6260
4#      49      2916    -140    14468   1.7454  -0.0838 8.6598  -194    104     38      -2.9618 1.5878  0.5802
5#      66      2768    -80     14440   1.6568  -0.0479 8.6431  -200    113     26      -3.0534 1.7252  0.3969
6#      83      2712    20      14316   1.6233  0.0120  8.5688  -200    122     34      -3.0534 1.8626  0.5191
7#      99      2844    -180    14512   1.7023  -0.1077 8.6862  -189    98      31      -2.8855 1.4962  0.4733
8#      116     2768    -88     14416   1.6568  -0.0527 8.6287  -190    107     50      -2.9008 1.6336  0.7634
9#      133     2860    -96     14296   1.7119  -0.0575 8.5569  -194    107     44      -2.9618 1.6336  0.6718
10#     150     2780    0       14568   1.6640  0.00    8.7197  -190    100     40      -2.9008 1.5267  0.6107
11#     166     2812    196     14196   1.6831  0.1173  8.4970  -204    103     40      -3.1145 1.5725  0.6107
12#     183     2828    16      14540   1.6927  0.096   8.7029  -199    103     28      -3.0382 1.5725  0.4275
13#     199     2780    -108    14492   1.6640  -0.0646 8.6742  -213    107     34      -3.2519 1.6336  0.5191
14#     216     2836    24      14456   1.6975  0.0144  8.6526  -206    96      35      -3.1450 1.4656  0.5344
15#     232     2812    -64     14436   1.6831  -0.0383 8.6407  -188    107     43      -2.8702 1.6336  0.6565
16#     249     2828    -52     14396   1.6927  -0.0311 8.6167  -181    104     41      -2.7634 1.5878  0.6260
17#     266     2784    28      14320   1.6664  0.0168  8.5712  -183    109     33      -2.7939 1.6641  0.5038
18#     283     2808    -36     14356   1.6807  -0.0215 8.5928  -194    110     35      -2.9618 1.6794  0.5344
19#     300     2800    -92     14560   1.6759  -0.0551 8.7149  -183    101     42      -2.7939 1.5420  0.6412
20#     317     2800    -24     14272   1.6759  -0.0144 8.5425  -194    116     41      -2.9618 1.7710  0.6260
21#     334     3020    -104    14384   1.8076  -0.0622 8.6095  -191    110     34      -2.9160 1.6794  0.5191
22#     351     2824    -32     14452   1.6903  -0.0192 8.6503  -196    104     37      -2.9924 1.5878  0.5649
23#     368     2864    48      14288   1.7142  0.0287  8.5521  -202    113     41      -3.0840 1.7252  0.6260
24#     385     2812    -52     14356   1.6831  -0.0311 8.5928  -189    111     35      -2.8855 1.6947  0.5344
25#     402     2820    -100    14380   1.6879  -0.0599 8.6072  -195    107     43      -2.9771 1.6336  0.6565
26#     419     2940    -16     14372   1.7597  -0.096  8.6024  -194    106     35      -2.9618 1.6183  0.5344
27#     436     2828    36      14388   1.6927  0.0215  8.6119  -197    99      40      -3.076  1.5115  0.6107
28#     452     2920    -40     14448   1.7478  -0.0239 8.6479  -194    107     47      -2.9618 1.6336  0.7176
29#     469     2844    -92     14440   1.7023  -0.0551 8.6431  -201    114     40      -3.0687 1.7405  0.6107
30#     486     2796    -132    14512   1.6735  -0.0790 8.6862  -185    120     40      -2.8244 1.8321  0.6107
31#     503     2812    -80     14360   1.6831  -0.0479 8.5952  -199    105     36      -3.0382 1.6031  0.5496
32#     520     2812    -108    14472   1.6831  -0.0646 8.6622  -201    109     37      -3.0687 1.6641  0.5649
33#     537     2808    -104    14476   1.6807  -0.0622 8.6646  -190    109     50      -2.9008 1.6641  0.7634
34#     554     2916    -20     14444   1.7454  -0.0120 8.6455  -192    109     32      -2.9313 1.6641  0.4885
35#     571     2908    -80     14348   1.7406  -0.0479 8.5880  -196    107     42      -2.9924 1.6336  0.6412
36#     588     2856    -76     14368   1.7095  -0.0455 8.6000  -191    100     36      -2.9160 1.5267  0.5496
37#     605     2736    -64     14340   1.6376  -0.0383 8.5832  -188    103     36      -2.8702 1.5725  0.5496
38#     622     2828    -116    14404   1.6927  -0.0694 8.6215  -195    107     32      -2.9771 1.6336  0.4885
39#     639     2848    -112    14416   1.7047  -0.0670 8.6287  -191    109     38      -2.9160 1.6641  0.5802
40#     656     2788    -24     14568   1.6688  -0.0144 8.7197  -198    113     43      -3.0229 1.7252  0.6565
41#     673     2728    -104    14536   1.6328  -0.0622 8.7005  -200    106     44      -3.0534 1.6183  0.6718
42#     717     2768    84      14364   1.6568  0.0503  8.5976  -196    113     35      -2.9924 1.7252  0.5344
43#     734     2676    -72     14328   1.6017  -0.0431 8.5760  -186    115     33      -2.8397 1.7557  0.5038
44#     751     2792    16      14484   1.6712  0.096   8.6694  -193    111     35      -2.9466 1.6947  0.5344
45#     767     2916    -60     14312   1.7454  -0.0359 8.5665  -199    92      33      -3.0382 1.4046  0.5038
46#     784     2832    -28     14476   1.6951  -0.0168 8.6646  -198    114     33      -3.0229 1.7405  0.5038
47#     801     2828    -120    14588   1.6927  -0.0718 8.7317  -205    107     42      -3.1298 1.6336  0.6412
48#     818     2892    -40     14364   1.7310  -0.0239 8.5976  -195    102     37      -2.9771 1.5573  0.5649
49#     835     2824    -20     14352   1.6903  -0.0120 8.5904  -190    107     47      -2.9008 1.6336  0.7176
50#     852     2840    60      14408   1.6999  0.0359  8.6239  -195    109     42      -2.9771 1.6641  0.6412
51#     869     2852    -180    14432   1.7071  -0.1077 8.6383  -195    107     42      -2.9771 1.6336  0.6412
52#     886     2872    32      14420   1.7190  0.0192  8.6311  -207    109     44      -3.1603 1.6641  0.6718
53#     903     2864    -4      14444   1.7142  -0.024  8.6455  -192    108     40      -2.9313 1.6489  0.6107
54#     920     2736    40      14348   1.6376  0.0239  8.5880  -200    110     38      -3.0534 1.6794  0.5802
55#     937     2720    -108    14500   1.6281  -0.0646 8.6790  -194    101     30      -2.9618 1.5420  0.4580
56#     954     2868    -32     14544   1.7166  -0.0192 8.7053  -189    109     49      -2.8855 1.6641  0.7481
57#     971     2776    52      14440   1.6616  0.0311  8.6431  -186    107     44      -2.8397 1.6336  0.6718
58#     988     2788    44      14336   1.6688  0.0263  8.5808  -191    97      47      -2.9160 1.4809  0.7176
59#     1004    2836    40      14432   1.6975  0.0239  8.6383  -184    111     37      -2.8092 1.6947  0.5649
60#     1021    2832    -4      14436   1.6951  -0.024  8.6407  -204    99      33      -3.1145 1.5115  0.5038
61#     1038    2716    12      14432   1.6257  0.072   8.6383  -197    111     46      -3.076  1.6947  0.7023
62#     1054    2768    -36     14364   1.6568  -0.0215 8.5976  -189    111     33      -2.8855 1.6947  0.5038
63#     1071    2776    24      14468   1.6616  0.0144  8.6598  -198    106     48      -3.0229 1.6183  0.7328
64#     1088    2840    -48     14500   1.6999  -0.0287 8.6790  -190    100     46      -2.9008 1.5267  0.7023
65#     1105    2856    -56     14488   1.7095  -0.0335 8.6718  -201    102     42      -3.0687 1.5573  0.6412
66#     1122    2920    -144    14472   1.7478  -0.0862 8.6622  -184    101     28      -2.8092 1.5420  0.4275
67#     1139    2816    4       14504   1.6855  0.024   8.6814  -188    103     34      -2.8702 1.5725  0.5191
68#     1155    2796    60      14076   1.6735  0.0359  8.4252  -202    122     39      -3.0840 1.8626  0.5954
69#     1172    2848    -96     14292   1.7047  -0.0575 8.5545  -178    93      42      -2.7176 1.4198  0.6412
70#     1189    2800    -36     14248   1.6759  -0.0215 8.5281  -199    116     35      -3.0382 1.7710  0.5344
71#     1206    2848    -76     14332   1.7047  -0.0455 8.5784  -197    98      34      -3.076  1.4962  0.5191
72#     1223    2816    32      14440   1.6855  0.0192  8.6431  -193    100     40      -2.9466 1.5267  0.6107
73#     1240    2780    -44     14580   1.6640  -0.0263 8.7269  -200    106     43      -3.0534 1.6183  0.6565
74#     1257    2728    -8      14464   1.6328  -0.048  8.6574  -190    98      32      -2.9008 1.4962  0.4885
75#     1274    2880    24      14448   1.7238  0.0144  8.6479  -197    112     32      -3.076  1.7099  0.4885
76#     1291    2856    -32     14468   1.7095  -0.0192 8.6598  -193    100     42      -2.9466 1.5267  0.6412
77#     1308    2876    -72     14428   1.7214  -0.0431 8.6359  -191    110     38      -2.9160 1.6794  0.5802
78#     1325    2868    -120    14444   1.7166  -0.0718 8.6455  -200    108     32      -3.0534 1.6489  0.4885
79#     1342    2868    -108    14340   1.7166  -0.0646 8.5832  -195    110     42      -2.9771 1.6794  0.6412
80#     1359    2756    -72     14356   1.6496  -0.0431 8.5928  -193    115     42      -2.9466 1.7557  0.6412
81#     1376    2872    -12     14308   1.7190  -0.072  8.5641  -187    97      38      -2.8550 1.4809  0.5802
82#     1393    2704    -80     14512   1.6185  -0.0479 8.6862  -197    104     35      -3.076  1.5878  0.5344
83#     1410    2900    -60     14396   1.7358  -0.0359 8.6167  -203    111     38      -3.0992 1.6947  0.5802
84#     1427    2816    -64     14432   1.6855  -0.0383 8.6383  -189    98      48      -2.8855 1.4962  0.7328
85#     1444    2800    -40     14324   1.6759  -0.0239 8.5736  -193    108     42      -2.9466 1.6489  0.6412
86#     1461    2788    -132    14268   1.6688  -0.0790 8.5401  -181    107     36      -2.7634 1.6336  0.5496
87#     1478    2812    64      14540   1.6831  0.0383  8.7029  -195    104     39      -2.9771 1.5878  0.5954
88#     1495    2724    -100    14424   1.6305  -0.0599 8.6335  -190    103     28      -2.9008 1.5725  0.4275
89#     1512    2736    -24     14420   1.6376  -0.0144 8.6311  -192    106     47      -2.9313 1.6183  0.7176
90#     1529    2872    84      14420   1.7190  0.0503  8.6311  -192    112     35      -2.9313 1.7099  0.5344
91#     1546    2904    -136    14312   1.7382  -0.0814 8.5665  -197    99      36      -3.076  1.5115  0.5496
92#     1563    2844    -140    14368   1.7023  -0.0838 8.6000  -191    107     46      -2.9160 1.6336  0.7023
93#     1580    3028    92      14420   1.8124  0.0551  8.6311  -194    104     35      -2.9618 1.5878  0.5344
94#     1597    2876    -28     14516   1.7214  -0.0168 8.6886  -194    104     45      -2.9618 1.5878  0.6870
95#     1614    2924    80      14460   1.7502  0.0479  8.6550  -185    107     36      -2.8244 1.6336  0.5496
96#     1631    2840    4       14464   1.6999  0.024   8.6574  -200    107     51      -3.0534 1.6336  0.7786
97#     1647    2840    -44     14276   1.6999  -0.0263 8.5449  -200    105     43      -3.0534 1.6031  0.6565
98#     1664    2732    -64     14464   1.6352  -0.0383 8.6574  -197    111     40      -3.076  1.6947  0.6107
99#     1712    2724    -88     14464   1.6305  -0.0527 8.6574  -189    111     36      -2.8855 1.6947  0.5496
100#    1729    2716    40      14428   1.6257  0.0239  8.6359  -197    111     38      -3.076  1.6947  0.5802