1#      0       2800    56      14592   1.6759  0.0335  8.7340  -201    100     34      -3.0687 1.5267  0.5191
2#      1006    2800    0       14408   1.6759  0.00    8.6239  -193    99      35      -2.9466 1.5115  0.5344
3#      2043    2780    -48     14552   1.6640  -0.0287 8.7101  -185    102     39      -2.8244 1.5573  0.5954
4#      3050    2724    60      14324   1.6305  0.0359  8.5736  -196    100     30      -2.9924 1.5267  0.4580
5#      4057    2824    -36     14452   1.6903  -0.0215 8.6503  -193    103     31      -2.9466 1.5725  0.4733
6#      5064    2832    -52     14468   1.6951  -0.0311 8.6598  -194    98      28      -2.9618 1.4962  0.4275
7#      6071    2820    -24     14340   1.6879  -0.0144 8.5832  -197    106     36      -3.076  1.6183  0.5496
8#      7078    2856    -132    14608   1.7095  -0.0790 8.7436  -191    108     37      -2.9160 1.6489  0.5649
9#      8085    2828    -76     14500   1.6927  -0.0455 8.6790  -195    109     40      -2.9771 1.6641  0.6107
10#     9092    2784    -60     14440   1.6664  -0.0359 8.6431  -191    100     42      -2.9160 1.5267  0.6412
11#     10099   2884    -128    14500   1.7262  -0.0766 8.6790  -204    106     42      -3.1145 1.6183  0.6412
12#     11106   2784    -100    14492   1.6664  -0.0599 8.6742  -189    100     37      -2.8855 1.5267  0.5649
13#     12113   2892    -72     14352   1.7310  -0.0431 8.5904  -198    104     33      -3.0229 1.5878  0.5038
14#     13120   2832    -124    14504   1.6951  -0.0742 8.6814  -192    106     45      -2.9313 1.6183  0.6870
15#     14127   2732    -108    14380   1.6352  -0.0646 8.6072  -189    105     31      -2.8855 1.6031  0.4733
16#     15134   2784    -36     14328   1.6664  -0.0215 8.5760  -199    105     30      -3.0382 1.6031  0.4580
17#     16141   2704    24      14292   1.6185  0.0144  8.5545  -195    105     43      -2.9771 1.6031  0.6565
18#     17148   2720    -40     14520   1.6281  -0.0239 8.6910  -198    95      38      -3.0229 1.4504  0.5802
19#     18155   2812    -52     14392   1.6831  -0.0311 8.6143  -195    96      37      -2.9771 1.4656  0.5649
20#     19162   2800    32      14296   1.6759  0.0192  8.5569  -189    101     37      -2.8855 1.5420  0.5649
21#     20169   2800    0       14392   1.6759  0.00    8.6143  -189    105     43      -2.8855 1.6031  0.6565
22#     21175   2844    -60     14428   1.7023  -0.0359 8.6359  -191    110     34      -2.9160 1.6794  0.5191
23#     22182   2812    -24     14448   1.6831  -0.0144 8.6479  -194    102     28      -2.9618 1.5573  0.4275
24#     23189   2820    -28     14388   1.6879  -0.0168 8.6119  -195    110     42      -2.9771 1.6794  0.6412
25#     24196   2756    -8      14344   1.6496  -0.048  8.5856  -200    111     39      -3.0534 1.6947  0.5954
26#     25203   2880    -76     14364   1.7238  -0.0455 8.5976  -200    100     42      -3.0534 1.5267  0.6412
27#     26210   2740    -76     14360   1.6400  -0.0455 8.5952  -198    101     40      -3.0229 1.5420  0.6107
28#     27217   2836    -36     14368   1.6975  -0.0215 8.6000  -189    106     36      -2.8855 1.6183  0.5496
29#     28224   2856    16      14540   1.7095  0.096   8.7029  -192    108     36      -2.9313 1.6489  0.5496
30#     29231   2784    32      14420   1.6664  0.0192  8.6311  -196    105     32      -2.9924 1.6031  0.4885
31#     30238   2840    88      14380   1.6999  0.0527  8.6072  -187    106     37      -2.8550 1.6183  0.5649
32#     31245   2812    -20     14436   1.6831  -0.0120 8.6407  -188    103     40      -2.8702 1.5725  0.6107
33#     32252   2712    4       14488   1.6233  0.024   8.6718  -192    95      38      -2.9313 1.4504  0.5802
34#     33258   2792    68      14508   1.6712  0.0407  8.6838  -199    101     46      -3.0382 1.5420  0.7023
35#     34265   2844    -16     14488   1.7023  -0.096  8.6718  -198    108     39      -3.0229 1.6489  0.5954
36#     35272   2888    -120    14484   1.7286  -0.0718 8.6694  -197    105     37      -3.076  1.6031  0.5649
37#     36279   2860    -44     14232   1.7119  -0.0263 8.5186  -197    104     38      -3.076  1.5878  0.5802
38#     37286   2912    24      14524   1.7430  0.0144  8.6933  -191    111     31      -2.9160 1.6947  0.4733
39#     38293   2796    -112    14432   1.6735  -0.0670 8.6383  -195    108     34      -2.9771 1.6489  0.5191
40#     39300   2840    -56     14388   1.6999  -0.0335 8.6119  -200    103     47      -3.0534 1.5725  0.7176
41#     40307   2764    8       14356   1.6544  0.048   8.5928  -206    114     37      -3.1450 1.7405  0.5649
42#     41314   2852    -60     14428   1.7071  -0.0359 8.6359  -198    103     37      -3.0229 1.5725  0.5649
43#     42321   2896    -36     14304   1.7334  -0.0215 8.5617  -191    109     35      -2.9160 1.6641  0.5344
44#     43328   2756    -76     14348   1.6496  -0.0455 8.5880  -201    107     39      -3.0687 1.6336  0.5954
45#     44335   2820    -60     14408   1.6879  -0.0359 8.6239  -183    113     33      -2.7939 1.7252  0.5038
46#     45342   2884    -148    14356   1.7262  -0.0886 8.5928  -202    110     40      -3.0840 1.6794  0.6107
47#     46349   2812    4       14480   1.6831  0.024   8.6670  -194    100     43      -2.9618 1.5267  0.6565
48#     47356   2864    -40     14460   1.7142  -0.0239 8.6550  -193    110     46      -2.9466 1.6794  0.7023
49#     48363   2848    20      14188   1.7047  0.0120  8.4922  -193    106     49      -2.9466 1.6183  0.7481
50#     49370   2856    -72     14556   1.7095  -0.0431 8.7125  -203    111     36      -3.0992 1.6947  0.5496
51#     50377   2732    -76     14500   1.6352  -0.0455 8.6790  -188    106     40      -2.8702 1.6183  0.6107
52#     51384   2764    20      14396   1.6544  0.0120  8.6167  -192    99      21      -2.9313 1.5115  0.3206
53#     52391   2700    -4      14352   1.6161  -0.024  8.5904  -194    106     40      -2.9618 1.6183  0.6107
54#     53398   2712    -56     14328   1.6233  -0.0335 8.5760  -201    105     37      -3.0687 1.6031  0.5649
55#     54405   2744    -96     14352   1.6424  -0.0575 8.5904  -187    122     29      -2.8550 1.8626  0.4427
56#     55412   2832    -60     14288   1.6951  -0.0359 8.5521  -193    112     43      -2.9466 1.7099  0.6565
57#     56419   2836    -100    14408   1.6975  -0.0599 8.6239  -201    112     47      -3.0687 1.7099  0.7176
58#     57426   2884    -4      14416   1.7262  -0.024  8.6287  -194    104     48      -2.9618 1.5878  0.7328
59#     58433   2888    16      14340   1.7286  0.096   8.5832  -197    102     40      -3.076  1.5573  0.6107
60#     59440   2816    12      14448   1.6855  0.072   8.6479  -196    112     38      -2.9924 1.7099  0.5802
61#     60447   2852    60      14324   1.7071  0.0359  8.5736  -197    105     34      -3.076  1.6031  0.5191
62#     61454   2880    -80     14348   1.7238  -0.0479 8.5880  -191    107     35      -2.9160 1.6336  0.5344
63#     62461   2720    -36     14420   1.6281  -0.0215 8.6311  -186    107     41      -2.8397 1.6336  0.6260
64#     63468   2904    -76     14432   1.7382  -0.0455 8.6383  -203    103     38      -3.0992 1.5725  0.5802
65#     64475   2856    -128    14508   1.7095  -0.0766 8.6838  -192    108     52      -2.9313 1.6489  0.7939
66#     65482   2892    -12     14388   1.7310  -0.072  8.6119  -191    107     32      -2.9160 1.6336  0.4885
67#     66489   2792    -100    14656   1.6712  -0.0599 8.7724  -192    107     40      -2.9313 1.6336  0.6107
68#     67496   2912    24      14392   1.7430  0.0144  8.6143  -193    107     52      -2.9466 1.6336  0.7939
69#     68503   2820    -56     14400   1.6879  -0.0335 8.6191  -202    101     43      -3.0840 1.5420  0.6565
70#     69510   2852    44      14504   1.7071  0.0263  8.6814  -198    105     46      -3.0229 1.6031  0.7023
71#     70517   2812    -136    14272   1.6831  -0.0814 8.5425  -203    121     31      -3.0992 1.8473  0.4733
72#     71524   2832    -28     14336   1.6951  -0.0168 8.5808  -191    108     33      -2.9160 1.6489  0.5038
73#     72531   2828    20      14440   1.6927  0.0120  8.6431  -193    107     38      -2.9466 1.6336  0.5802
74#     73538   2792    -36     14392   1.6712  -0.0215 8.6143  -198    103     35      -3.0229 1.5725  0.5344
75#     74545   2780    -24     14508   1.6640  -0.0144 8.6838  -190    102     45      -2.9008 1.5573  0.6870
76#     75552   2852    32      14364   1.7071  0.0192  8.5976  -182    89      36      -2.7786 1.3588  0.5496
77#     76559   2768    -12     14488   1.6568  -0.072  8.6718  -196    117     34      -2.9924 1.7863  0.5191
78#     77566   2796    -64     14444   1.6735  -0.0383 8.6455  -194    107     41      -2.9618 1.6336  0.6260
79#     78573   2820    -88     14488   1.6879  -0.0527 8.6718  -190    112     30      -2.9008 1.7099  0.4580
80#     79580   2844    -32     14324   1.7023  -0.0192 8.5736  -199    113     37      -3.0382 1.7252  0.5649
81#     80587   2728    -116    14376   1.6328  -0.0694 8.6048  -194    111     31      -2.9618 1.6947  0.4733
82#     81594   2848    -100    14228   1.7047  -0.0599 8.5162  -192    105     42      -2.9313 1.6031  0.6412
83#     82601   2828    -72     14272   1.6927  -0.0431 8.5425  -192    99      42      -2.9313 1.5115  0.6412
84#     83608   2844    0       14444   1.7023  0.00    8.6455  -192    111     43      -2.9313 1.6947  0.6565
85#     84614   2816    12      14352   1.6855  0.072   8.5904  -193    103     39      -2.9466 1.5725  0.5954
86#     85621   2736    -4      14316   1.6376  -0.024  8.5688  -197    105     31      -3.076  1.6031  0.4733
87#     86628   2872    92      14460   1.7190  0.0551  8.6550  -189    90      41      -2.8855 1.3740  0.6260
88#     87635   2856    -92     14460   1.7095  -0.0551 8.6550  -196    115     37      -2.9924 1.7557  0.5649
89#     88642   2828    -24     14420   1.6927  -0.0144 8.6311  -192    109     44      -2.9313 1.6641  0.6718
90#     89649   2788    12      14512   1.6688  0.072   8.6862  -189    116     33      -2.8855 1.7710  0.5038
91#     90656   2908    -76     14424   1.7406  -0.0455 8.6335  -195    112     44      -2.9771 1.7099  0.6718
92#     91663   2816    -16     14468   1.6855  -0.096  8.6598  -188    100     39      -2.8702 1.5267  0.5954
93#     92670   2812    -60     14604   1.6831  -0.0359 8.7412  -197    110     38      -3.076  1.6794  0.5802
94#     93677   2804    -40     14364   1.6783  -0.0239 8.5976  -198    100     38      -3.0229 1.5267  0.5802
95#     94684   2768    48      14452   1.6568  0.0287  8.6503  -191    103     48      -2.9160 1.5725  0.7328
96#     95691   2820    -140    14324   1.6879  -0.0838 8.5736  -195    103     49      -2.9771 1.5725  0.7481
97#     96698   2796    20      14380   1.6735  0.0120  8.6072  -196    110     42      -2.9924 1.6794  0.6412
98#     97705   2704    -112    14308   1.6185  -0.0670 8.5641  -198    110     41      -3.0229 1.6794  0.6260
99#     98712   2728    32      14444   1.6328  0.0192  8.6455  -196    98      42      -2.9924 1.4962  0.6412
100#    99719   2912    108     14452   1.7430  0.0646  8.6503  -200    94      34      -3.0534 1.4351  0.5191