1#      0       |-4154  |4966   |2830   |-4.9728        |5.9448 |3.3878 |-123   |-67    |-14    |-1.8779        |-1.0229        |-0.2137
2#      108     |-4622  |5546   |2670   |-5.5330        |6.6391 |3.1963 |-282   |-29    |27     |-4.3053        |-0.4427        |0.4122
3#      216     |-4498  |5344   |2736   |-5.3846        |6.3973 |3.2753 |-139   |103    |50     |-2.1221        |1.5725 |0.7634
4#      324     |-4558  |5358   |2732   |-5.4564        |6.4141 |3.2705 |-173   |138    |45     |-2.6412        |2.1069 |0.6870
5#      432     |-4488  |5356   |2824   |-5.3726        |6.4117 |3.3806 |-232   |119    |40     |-3.5420        |1.8168 |0.6107
6#      540     |-4546  |5318   |2706   |-5.4420        |6.3662 |3.2394 |-233   |120    |30     |-3.5573        |1.8321 |0.4580
7#      648     |-4536  |5346   |2772   |-5.4300        |6.3997 |3.3184 |-239   |120    |31     |-3.6489        |1.8321 |0.4733
8#      756     |-4512  |5342   |2632   |-5.4013        |6.3949 |3.1508 |-218   |127    |43     |-3.3282        |1.9389 |0.6565
9#      864     |-4486  |5364   |2650   |-5.3702        |6.4212 |3.1723 |-197   |115    |42     |-3.076 |1.7557 |0.6412
10#     972     |-4480  |5368   |2680   |-5.3630        |6.4260 |3.2082 |-155   |94     |46     |-2.3664        |1.4351 |0.7023
11#     1080    |-4492  |5358   |2746   |-5.3774        |6.4141 |3.2872 |-167   |108    |43     |-2.5496        |1.6489 |0.6565
12#     1188    |-4518  |5346   |2698   |-5.4085        |6.3997 |3.2298 |-175   |100    |38     |-2.6718        |1.5267 |0.5802
13#     1296    |-4542  |5368   |2782   |-5.4372        |6.4260 |3.3303 |-200   |113    |29     |-3.0534        |1.7252 |0.4427
14#     1404    |-4478  |5310   |2748   |-5.3606        |6.3566 |3.2896 |-223   |126    |26     |-3.4046        |1.9237 |0.3969
15#     1537    |-4528  |5306   |2702   |-5.4205        |6.3518 |3.2346 |-215   |116    |48     |-3.2824        |1.7710 |0.7328
16#     1645    |-4434  |5366   |2708   |-5.3079        |6.4236 |3.2417 |-210   |104    |29     |-3.2061        |1.5878 |0.4427
17#     1753    |-4512  |5378   |2750   |-5.4013        |6.4380 |3.2920 |-192   |102    |29     |-2.9313        |1.5573 |0.4427
18#     1861    |-4480  |5308   |2704   |-5.3630        |6.3542 |3.2370 |-171   |89     |46     |-2.6107        |1.3588 |0.7023
19#     1969    |-4452  |5362   |2732   |-5.3295        |6.4189 |3.2705 |-173   |101    |49     |-2.6412        |1.5420 |0.7481
20#     2077    |-4532  |5306   |2646   |-5.4253        |6.3518 |3.1675 |-168   |102    |43     |-2.5649        |1.5573 |0.6565
21#     2185    |-4552  |5294   |2752   |-5.4492        |6.3375 |3.2944 |-208   |127    |30     |-3.1756        |1.9389 |0.4580
22#     2293    |-4478  |5356   |2666   |-5.3606        |6.4117 |3.1915 |-235   |134    |38     |-3.5878        |2.0458 |0.5802
23#     2401    |-4514  |5374   |2706   |-5.4037        |6.4332 |3.2394 |-242   |130    |41     |-3.6947        |1.9847 |0.6260
24#     2533    |-4508  |5364   |2840   |-5.3965        |6.4212 |3.3998 |-226   |114    |33     |-3.4504        |1.7405 |0.5038
25#     2641    |-4508  |5370   |2724   |-5.3965        |6.4284 |3.2609 |-199   |105    |37     |-3.0382        |1.6031 |0.5649
26#     2749    |-4464  |5360   |2692   |-5.3439        |6.4165 |3.2226 |-164   |92     |49     |-2.5038        |1.4046 |0.7481
27#     2857    |-4476  |5352   |2686   |-5.3582        |6.4069 |3.2154 |-170   |97     |44     |-2.5954        |1.4809 |0.6718
28#     2965    |-4484  |5346   |2760   |-5.3678        |6.3997 |3.3040 |-173   |88     |46     |-2.6412        |1.3435 |0.7023
29#     3073    |-4524  |5360   |2748   |-5.4157        |6.4165 |3.2896 |-184   |110    |45     |-2.8092        |1.6794 |0.6870
30#     3181    |-4504  |5358   |2716   |-5.3917        |6.4141 |3.2513 |-212   |130    |20     |-3.2366        |1.9847 |0.3053
31#     3289    |-4490  |5306   |2760   |-5.3750        |6.3518 |3.3040 |-228   |122    |35     |-3.4809        |1.8626 |0.5344
32#     3397    |-4460  |5376   |2654   |-5.3391        |6.4356 |3.1771 |-197   |102    |32     |-3.076 |1.5573 |0.4885
33#     3529    |-4460  |5312   |2718   |-5.3391        |6.3590 |3.2537 |-189   |103    |33     |-2.8855        |1.5725 |0.5038
34#     3637    |-4428  |5350   |2752   |-5.3008        |6.4045 |3.2944 |-179   |93     |51     |-2.7328        |1.4198 |0.7786
35#     3745    |-4510  |5388   |2716   |-5.3989        |6.4500 |3.2513 |-165   |100    |37     |-2.5191        |1.5267 |0.5649
36#     3853    |-4510  |5346   |2714   |-5.3989        |6.3997 |3.2489 |-169   |94     |46     |-2.5802        |1.4351 |0.7023
37#     3961    |-4528  |5382   |2766   |-5.4205        |6.4428 |3.3112 |-213   |126    |25     |-3.2519        |1.9237 |0.3817
38#     4069    |-4528  |5302   |2736   |-5.4205        |6.3470 |3.2753 |-210   |127    |37     |-3.2061        |1.9389 |0.5649
39#     4177    |-4512  |5348   |2720   |-5.4013        |6.4021 |3.2561 |-234   |113    |33     |-3.5725        |1.7252 |0.5038
40#     4285    |-4456  |5316   |2738   |-5.3343        |6.3638 |3.2777 |-186   |97     |30     |-2.8397        |1.4809 |0.4580
41#     4393    |-4472  |5338   |2774   |-5.3534        |6.3901 |3.3208 |-188   |110    |40     |-2.8702        |1.6794 |0.6107
42#     4525    |-4488  |5376   |2738   |-5.3726        |6.4356 |3.2777 |-172   |100    |43     |-2.6260        |1.5267 |0.6565
43#     4633    |-4428  |5382   |2724   |-5.3008        |6.4428 |3.2609 |-162   |88     |44     |-2.4733        |1.3435 |0.6718
44#     4741    |-4552  |5302   |2782   |-5.4492        |6.3470 |3.3303 |-197   |111    |48     |-3.076 |1.6947 |0.7328
45#     4849    |-4546  |5292   |2730   |-5.4420        |6.3351 |3.2681 |-193   |119    |37     |-2.9466        |1.8168 |0.5649
46#     4957    |-4554  |5304   |2760   |-5.4516        |6.3494 |3.3040 |-210   |133    |35     |-3.2061        |2.0305 |0.5344
47#     5065    |-4486  |5352   |2714   |-5.3702        |6.4069 |3.2489 |-224   |113    |34     |-3.4198        |1.7252 |0.5191
48#     5173    |-4410  |5394   |2730   |-5.2792        |6.4572 |3.2681 |-219   |94     |24     |-3.3435        |1.4351 |0.3664
49#     5281    |-4472  |5390   |2670   |-5.3534        |6.4524 |3.1963 |-193   |109    |39     |-2.9466        |1.6641 |0.5954
50#     5389    |-4478  |5370   |2688   |-5.3606        |6.4284 |3.2178 |-153   |83     |45     |-2.3359        |1.2672 |0.6870
51#     5521    |-4532  |5356   |2736   |-5.4253        |6.4117 |3.2753 |-152   |88     |56     |-2.3206        |1.3435 |0.8550
52#     5629    |-4620  |5314   |2728   |-5.5306        |6.3614 |3.2657 |-182   |101    |45     |-2.7786        |1.5420 |0.6870
53#     5737    |-4520  |5338   |2780   |-5.4109        |6.3901 |3.3279 |-191   |114    |42     |-2.9160        |1.7405 |0.6412
54#     5845    |-4520  |5328   |2778   |-5.4109        |6.3782 |3.3255 |-223   |117    |40     |-3.4046        |1.7863 |0.6107
55#     5953    |-4480  |5328   |2662   |-5.3630        |6.3782 |3.1867 |-230   |130    |32     |-3.5115        |1.9847 |0.4885
56#     6061    |-4462  |5366   |2730   |-5.3415        |6.4236 |3.2681 |-200   |103    |39     |-3.0534        |1.5725 |0.5954
57#     6169    |-4484  |5390   |2772   |-5.3678        |6.4524 |3.3184 |-168   |102    |32     |-2.5649        |1.5573 |0.4885
58#     6277    |-4472  |5362   |2680   |-5.3534        |6.4189 |3.2082 |-156   |100    |46     |-2.3817        |1.5267 |0.7023
59#     6385    |-4482  |5330   |2760   |-5.3654        |6.3805 |3.3040 |-170   |85     |42     |-2.5954        |1.2977 |0.6412
60#     6517    |-4470  |5394   |2712   |-5.3510        |6.4572 |3.2465 |-188   |108    |37     |-2.8702        |1.6489 |0.5649
61#     6625    |-4488  |5348   |2692   |-5.3726        |6.4021 |3.2226 |-203   |112    |43     |-3.0992        |1.7099 |0.6565
62#     6733    |-4542  |5426   |2748   |-5.4372        |6.4955 |3.2896 |-219   |133    |31     |-3.3435        |2.0305 |0.4733
63#     6841    |-4550  |5344   |2810   |-5.4468        |6.3973 |3.3639 |-224   |114    |34     |-3.4198        |1.7405 |0.5191
64#     6949    |-4456  |5342   |2754   |-5.3343        |6.3949 |3.2968 |-205   |115    |29     |-3.1298        |1.7557 |0.4427
65#     7057    |-4440  |5390   |2746   |-5.3151        |6.4524 |3.2872 |-160   |101    |47     |-2.4427        |1.5420 |0.7176
66#     7165    |-4502  |5378   |2728   |-5.3893        |6.4380 |3.2657 |-170   |99     |42     |-2.5954        |1.5115 |0.6412
67#     7273    |-4522  |5372   |2734   |-5.4133        |6.4308 |3.2729 |-157   |98     |34     |-2.3969        |1.4962 |0.5191
68#     7381    |-4550  |5330   |2718   |-5.4468        |6.3805 |3.2537 |-202   |109    |33     |-3.0840        |1.6641 |0.5038
69#     7513    |-4480  |5308   |2736   |-5.3630        |6.3542 |3.2753 |-199   |120    |39     |-3.0382        |1.8321 |0.5954
70#     7621    |-4498  |5298   |2700   |-5.3846        |6.3422 |3.2322 |-229   |125    |37     |-3.4962        |1.9084 |0.5649
71#     7729    |-4496  |5324   |2728   |-5.3822        |6.3734 |3.2657 |-231   |124    |41     |-3.5267        |1.8931 |0.6260
72#     7837    |-4442  |5382   |2700   |-5.3175        |6.4428 |3.2322 |-199   |110    |38     |-3.0382        |1.6794 |0.5802
73#     7945    |-4438  |5350   |2750   |-5.3127        |6.4045 |3.2920 |-199   |112    |34     |-3.0382        |1.7099 |0.5191
74#     8053    |-4446  |5390   |2684   |-5.3223        |6.4524 |3.2130 |-165   |95     |48     |-2.5191        |1.4504 |0.7328
75#     8161    |-4504  |5360   |2696   |-5.3917        |6.4165 |3.2274 |-175   |108    |46     |-2.6718        |1.6489 |0.7023
76#     8269    |-4532  |5312   |2728   |-5.4253        |6.3590 |3.2657 |-209   |114    |29     |-3.1908        |1.7405 |0.4427
77#     8377    |-4502  |5340   |2700   |-5.3893        |6.3925 |3.2322 |-214   |119    |27     |-3.2672        |1.8168 |0.4122
78#     8510    |-4490  |5358   |2746   |-5.3750        |6.4141 |3.2872 |-237   |121    |20     |-3.6183        |1.8473 |0.3053
79#     8618    |-4436  |5368   |2646   |-5.3103        |6.4260 |3.1675 |-229   |125    |28     |-3.4962        |1.9084 |0.4275
80#     8726    |-4432  |5344   |2710   |-5.3056        |6.3973 |3.2441 |-178   |86     |48     |-2.7176        |1.3130 |0.7328
81#     8834    |-4488  |5398   |2628   |-5.3726        |6.4620 |3.1460 |-176   |106    |42     |-2.6870        |1.6183 |0.6412
82#     8942    |-4466  |5340   |2734   |-5.3463        |6.3925 |3.2729 |-172   |83     |41     |-2.6260        |1.2672 |0.6260
83#     9050    |-4468  |5336   |2756   |-5.3486        |6.3877 |3.2992 |-194   |125    |45     |-2.9618        |1.9084 |0.6870
84#     9158    |-4522  |5322   |2744   |-5.4133        |6.3710 |3.2848 |-213   |128    |30     |-3.2519        |1.9542 |0.4580
85#     9266    |-4496  |5332   |2744   |-5.3822        |6.3829 |3.2848 |-224   |116    |35     |-3.4198        |1.7710 |0.5344
86#     9374    |-4450  |5378   |2768   |-5.3271        |6.4380 |3.3136 |-213   |120    |38     |-3.2519        |1.8321 |0.5802
87#     9506    |-4500  |5372   |2678   |-5.3870        |6.4308 |3.2058 |-212   |111    |41     |-3.2366        |1.6947 |0.6260
88#     9614    |-4480  |5380   |2800   |-5.3630        |6.4404 |3.3519 |-175   |87     |46     |-2.6718        |1.3282 |0.7023
89#     9722    |-4484  |5358   |2764   |-5.3678        |6.4141 |3.3088 |-152   |84     |46     |-2.3206        |1.2824 |0.7023
90#     9830    |-4550  |5342   |2776   |-5.4468        |6.3949 |3.3232 |-179   |96     |41     |-2.7328        |1.4656 |0.6260
91#     9938    |-4522  |5342   |2716   |-5.4133        |6.3949 |3.2513 |-171   |109    |32     |-2.6107        |1.6641 |0.4885
92#     10046   |-4524  |5358   |2724   |-5.4157        |6.4141 |3.2609 |-218   |126    |24     |-3.3282        |1.9237 |0.3664
93#     10154   |-4502  |5328   |2750   |-5.3893        |6.3782 |3.2920 |-230   |127    |29     |-3.5115        |1.9389 |0.4427
94#     10262   |-4476  |5322   |2700   |-5.3582        |6.3710 |3.2322 |-215   |103    |35     |-3.2824        |1.5725 |0.5344
95#     10370   |-4460  |5364   |2818   |-5.3391        |6.4212 |3.3734 |-169   |96     |40     |-2.5802        |1.4656 |0.6107
96#     10502   |-4454  |5394   |2686   |-5.3319        |6.4572 |3.2154 |-178   |94     |32     |-2.7176        |1.4351 |0.4885
97#     10610   |-4438  |5344   |2656   |-5.3127        |6.3973 |3.1795 |-173   |103    |47     |-2.6412        |1.5725 |0.7176
98#     10718   |-4530  |5336   |2730   |-5.4229        |6.3877 |3.2681 |-163   |104    |41     |-2.4885        |1.5878 |0.6260
99#     10826   |-4538  |5326   |2686   |-5.4324        |6.3758 |3.2154 |-213   |122    |28     |-3.2519        |1.8626 |0.4275
100#    10934   |-4510  |5376   |2716   |-5.3989        |6.4356 |3.2513 |-242   |122    |29     |-3.6947        |1.8626 |0.4427