1#      0       -2468   748     -17720  -1.4772 0.4477  -10.6063        -92     -147    -163    -1.4046 -2.2443 -2.4885
2#      1007    -6016   -1148   -17832  -3.6009 -0.6871 -10.6734        -309    355     260     -4.7176 5.4198  3.9695
3#      2014    -12072  -3048   -15072  -7.2257 -1.8244 -9.0214 -200    39      -49     -3.0534 0.5954  -0.7481
4#      3021    2928    2696    -20108  1.7526  1.6137  -12.0357        -101    -44     -68     -1.5420 -0.6718 -1.0382
5#      4028    -6068   -896    -17944  -3.6320 -0.5363 -10.7404        -307    379     258     -4.6870 5.7863  3.9389
6#      5035    -5488   -92     -18236  -3.2848 -0.0551 -10.9152        -318    395     266     -4.8550 6.0305  4.0611
7#      6042    -1588   -2108   -17604  -0.9505 -1.2617 -10.5369        -176    35      -51     -2.6870 0.5344  -0.7786
8#      7049    -5348   728     -17280  -3.2010 0.4357  -10.3430        -138    -30     30      -2.1069 -0.4580 0.4580
9#      8056    -4636   -596    -18520  -2.7749 -0.3567 -11.0852        -299    378     261     -4.5649 5.7710  3.9847
10#     9063    2112    2300    -19868  1.2641  1.3767  -11.8920        -105    -78     -84     -1.6031 -1.1908 -1.2824
11#     10070   -4756   -744    -18124  -2.8467 -0.4453 -10.8481        -307    364     263     -4.6870 5.5573  4.0153
12#     11078   -5260   -888    -17944  -3.1484 -0.5315 -10.7404        -303    358     264     -4.6260 5.4656  4.0305
13#     12086   -12324  -3212   -14884  -7.3765 -1.9225 -8.9088 -228    114     36      -3.4809 1.7405  0.5496
14#     13094   -8284   -1384   -16076  -4.9584 -0.8284 -9.6223 -128    -96     -159    -1.9542 -1.4656 -2.4275
15#     14102   -9820   -2048   -15696  -5.8778 -1.2258 -9.3948 -144    -54     -144    -2.1985 -0.8244 -2.1985
16#     15110   -12260  -3132   -14756  -7.3382 -1.8747 -8.8322 -227    82      2       -3.4656 1.2519  0.0305
17#     16117   328     1480    -19584  0.1963  0.8859  -11.7220        -265    311     234     -4.0458 4.7481  3.5725
18#     17124   3088    2180    -20208  1.8483  1.3048  -12.0955        -109    -81     -89     -1.6641 -1.2366 -1.3588
19#     18131   -6096   1304    -17040  -3.6488 0.7805  -10.1993        -222    183     59      -3.3893 2.7939  0.9008
20#     19138   -2528   1904    -18656  -1.5131 1.1396  -11.1666        -232    238     83      -3.5420 3.6336  1.2672
21#     20145   -12172  -3044   -14964  -7.2856 -1.8220 -8.9567 -197    56      -27     -3.076  0.8550  -0.4122
22#     21153   3140    2452    -20332  1.8794  1.4676  -12.1697        -212    217     162     -3.2366 3.3130  2.4733
23#     22160   -4320   224     -17140  -2.5857 0.1341  -10.2592        -90     -133    -179    -1.3740 -2.0305 -2.7328
24#     23168   -12400  -3228   -14988  -7.4220 -1.9321 -8.9711 -240    144     48      -3.6641 2.1985  0.7328
25#     24176   -11092  -2928   -15680  -6.6391 -1.7526 -9.3853 -283    257     147     -4.3206 3.9237  2.2443
26#     25184   -7288   -1668   -17392  -4.3622 -0.9984 -10.4100        -305    355     234     -4.6565 5.4198  3.5725
27#     26192   -7464   -1616   -17260  -4.4676 -0.9673 -10.3310        -304    352     225     -4.6412 5.3740  3.4351
28#     27200   3472    2668    -20324  2.0782  1.5969  -12.1649        -121    6       -31     -1.8473 0.0916  -0.4733
29#     28207   -844    1096    -18104  -0.5052 0.6560  -10.8362        -90     -167    -168    -1.3740 -2.5496 -2.5649
30#     29215   -7368   832     -17848  -4.4101 0.4980  -10.6829        -296    347     212     -4.5191 5.2977  3.2366
31#     30222   -3816   -196    -17992  -2.2841 -0.1173 -10.7691        -196    114     46      -2.9924 1.7405  0.7023
32#     31229   -3148   1264    -19044  -1.8842 0.7566  -11.3988        -272    364     219     -4.1527 5.5573  3.3435
33#     32236   -11536  -2764   -15112  -6.9049 -1.6544 -9.0453 -180    4       -75     -2.7481 0.0611  -1.1450
34#     33244   -11532  -2884   -15092  -6.9025 -1.7262 -9.0333 -187    19      -57     -2.8550 0.2901  -0.8702
35#     34252   -12344  -3272   -15000  -7.3885 -1.9585 -8.9783 -252    145     47      -3.8473 2.2137  0.7176
36#     35260   -11784  -3080   -15244  -7.0533 -1.8435 -9.1243 -275    210     121     -4.1985 3.2061  1.8473
37#     36268   -5652   -416    -16804  -3.3830 -0.2490 -10.0580        -101    -133    -191    -1.5420 -2.0305 -2.9160
38#     37276   -12468  -3192   -14972  -7.4627 -1.9106 -8.9615 -247    148     53      -3.7710 2.2595  0.8092
39#     38284   4032    2876    -20448  2.4134  1.7214  -12.2392        -160    77      43      -2.4427 1.1756  0.6565
40#     39291   -12112  -3216   -14988  -7.2496 -1.9249 -8.9711 -222    78      -16     -3.3893 1.1908  -0.2443
41#     40299   1844    2564    -20188  1.1037  1.5347  -12.0835        -228    252     179     -3.4809 3.8473  2.7328
42#     41306   708     1784    -19256  0.4238  1.0678  -11.5257        -197    167     36      -3.076  2.5496  0.5496
43#     42313   -3660   -792    -18356  -2.1907 -0.4741 -10.9870        -241    237     52      -3.6794 3.6183  0.7939
44#     43320   -3232   504     -17424  -1.9345 0.3017  -10.4291        -92     -137    -181    -1.4046 -2.0916 -2.7634
45#     44328   988     2076    -19124  0.5914  1.2426  -11.4467        -93     -101    -118    -1.4198 -1.5420 -1.8015
46#     45335   -5248   -888    -18300  -3.1412 -0.5315 -10.9535        -309    361     253     -4.7176 5.5115  3.8626
47#     46343   -11256  -2772   -15232  -6.7373 -1.6592 -9.1171 -189    4       -82     -2.8855 0.0611  -1.2519
48#     47351   -11308  -2660   -15092  -6.7684 -1.5921 -9.0333 -176    -3      -83     -2.6870 -0.0458 -1.2672
49#     48359   -3884   280     -17424  -2.3248 0.1676  -10.4291        -96     -137    -182    -1.4656 -2.0916 -2.7786
50#     49367   3784    2796    -20640  2.2649  1.6735  -12.3541        -150    74      32      -2.2901 1.1298  0.4885
51#     50374   -10208  -2244   -15556  -6.1100 -1.3431 -9.3111 -149    -60     -124    -2.2748 -0.9160 -1.8931
52#     51382   -1544   1032    -18064  -0.9242 0.6177  -10.8122        -94     -155    -151    -1.4351 -2.3664 -2.3053
53#     52390   -1964   1604    -19360  -1.1756 0.9601  -11.5879        -274    350     243     -4.1832 5.3435  3.7099
54#     53397   -2404   -2480   -18296  -1.4389 -1.4844 -10.9511        -169    13      -11     -2.5802 0.1985  -0.1679
55#     54405   -5792   1760    -17840  -3.4668 1.0534  -10.6781        -212    161     95      -3.2366 2.4580  1.4504
56#     55412   -6652   -748    -16496  -3.9816 -0.4477 -9.8737 -115    -102    -179    -1.7557 -1.5573 -2.7328
57#     56420   3704    2744    -20504  2.2170  1.6424  -12.2727        -178    133     100     -2.7176 2.0305  1.5267
58#     57427   -11540  -3064   -15376  -6.9073 -1.8340 -9.2033 -274    225     114     -4.1832 3.4351  1.7405
59#     58435   -496    1428    -18452  -0.2969 0.8547  -11.0445        -97     -134    -142    -1.4809 -2.0458 -2.1679
60#     59443   -6104   -528    -16564  -3.6536 -0.3160 -9.9144 -106    -120    -187    -1.6183 -1.8321 -2.8550
61#     60451   1524    2216    -19188  0.9122  1.3264  -11.4850        -106    -83     -103    -1.6183 -1.2672 -1.5725
62#     61459   3900    2824    -20544  2.3343  1.6903  -12.2966        -137    61      33      -2.0916 0.9313  0.5038
63#     62466   -5944   -1200   -17692  -3.5578 -0.7183 -10.5896        -308    361     260     -4.7023 5.5115  3.9695
64#     63474   -10392  -2592   -15872  -6.2201 -1.5514 -9.5002 -289    306     184     -4.4122 4.6718  2.8092
65#     64482   -2944   2000    -19404  -1.7621 1.1971  -11.6143        -266    330     192     -4.0611 5.0382  2.9313
66#     65489   -4536   144     -17720  -2.7150 0.0862  -10.6063        -205    139     40      -3.1298 2.1221  0.6107
67#     66496   -5276   -2232   -16652  -3.1580 -1.3360 -9.9671 -141    -118    -91     -2.1527 -1.8015 -1.3893
68#     67504   -4640   -16     -17072  -2.7773 -0.096  -10.2185        -68     -154    -184    -1.0382 -2.3511 -2.8092
69#     68512   3948    2748    -20664  2.3631  1.6448  -12.3684        -145    83      45      -2.2137 1.2672  0.6870
70#     69519   -6288   -1320   -17712  -3.7637 -0.7901 -10.6015        -298    373     247     -4.5496 5.6947  3.7710
71#     70527   -4396   192     -17120  -2.6312 0.1149  -10.2472        -97     -141    -175    -1.4809 -2.1527 -2.6718
72#     71535   3772    2852    -20452  2.2577  1.7071  -12.2416        -148    68      34      -2.2595 1.0382  0.5191
73#     72542   -10764  -2868   -15524  -6.4428 -1.7166 -9.2919 -283    270     146     -4.3206 4.1221  2.2290
74#     73550   -7576   -1280   -16308  -4.5346 -0.7661 -9.7612 -116    -95     -175    -1.7710 -1.4504 -2.6718
75#     74558   1296    1772    -19888  0.7757  1.0606  -11.9040        -246    290     224     -3.7557 4.4275  3.4198
76#     75565   3876    2908    -20656  2.3200  1.7406  -12.3637        -148    48      13      -2.2595 0.7328  0.1985
77#     76572   -7372   1128    -17972  -4.4125 0.6752  -10.7571        -258    261     172     -3.9389 3.9847  2.6260
78#     77579   -3728   -648    -18392  -2.2314 -0.3879 -11.085 -186    33      40      -2.8397 0.5038  0.6107
79#     78586   -11984  -3204   -15324  -7.1730 -1.9178 -9.1722 -268    195     94      -4.0916 2.9771  1.4351
80#     79594   -10972  -2568   -15380  -6.5673 -1.5371 -9.2057 -170    -14     -94     -2.5954 -0.2137 -1.4351
81#     80602   -9640   -1932   -15636  -5.7700 -1.1564 -9.3589 -151    -55     -134    -2.3053 -0.8397 -2.0458
82#     81610   -9744   -2016   -15728  -5.8323 -1.2067 -9.4140 -145    -47     -122    -2.2137 -0.7176 -1.8626
83#     82618   -12100  -3044   -14988  -7.2425 -1.8220 -8.9711 -207    80      -16     -3.1603 1.2214  -0.2443
84#     83626   -11320  -2860   -15252  -6.7756 -1.7119 -9.1291 -171    -6      -77     -2.6107 -0.0916 -1.1756
85#     84634   -11560  -2792   -15132  -6.9192 -1.6712 -9.0573 -178    22      -67     -2.7176 0.3359  -1.0229
86#     85642   -2852   740     -17644  -1.7071 0.4429  -10.5608        -88     -145    -171    -1.3435 -2.2137 -2.6107
87#     86650   -4384   60      -17020  -2.6240 0.0359  -10.1873        -99     -133    -188    -1.5115 -2.0305 -2.8702
88#     87658   -6936   -780    -17504  -4.1515 -0.4669 -10.4770        -300    410     251     -4.5802 6.2595  3.8321
89#     88666   -2080   -2604   -17868  -1.2450 -1.5586 -10.6949        -180    78      -39     -2.7481 1.1908  -0.5954
90#     89674   -5600   -1396   -17416  -3.3519 -0.8356 -10.4244        -112    -77     34      -1.7099 -1.1756 0.5191
91#     90682   3468    2676    -20412  2.0758  1.6017  -12.2176        -141    21      -11     -2.1527 0.3206  -0.1679
92#     91689   -8048   -1376   -16124  -4.8171 -0.8236 -9.6510 -126    -92     -158    -1.9237 -1.4046 -2.4122
93#     92697   -9804   -2132   -15476  -5.8682 -1.2761 -9.2632 -146    -36     -125    -2.2290 -0.5496 -1.9084
94#     93705   -4184   240     -17264  -2.5043 0.1437  -10.3334        -98     -133    -190    -1.4962 -2.0305 -2.9008
95#     94713   -12148  -3172   -15068  -7.2712 -1.8986 -9.0190 -256    151     50      -3.9084 2.3053  0.7634
96#     95721   -11136  -2520   -15352  -6.6655 -1.5083 -9.1889 -177    1       -83     -2.7023 0.0153  -1.2672
97#     96729   -2924   696     -17800  -1.7502 0.4166  -10.6542        -98     -131    -169    -1.4962 -2.00   -2.5802
98#     97736   -5136   -892    -18008  -3.0742 -0.5339 -10.7787        -307    355     257     -4.6870 5.4198  3.9237
99#     98744   -2760   180     -18824  -1.6520 0.1077  -11.2671        -288    354     266     -4.3969 5.4046  4.0611
100#    99751   -10796  -2000   -15976  -6.4620 -1.1971 -9.5624 -290    313     195     -4.4275 4.7786  2.9771