																		
Time	Accelerometer									GyroScope								
	Xn	Yn	Zn	X	Y	Z	Xg	Yg	Zg	Xn	Yn	Zn	X	Y	Z	Xg	Yg	Zg
smp#1	-3960	-896	13860	-0.2417	-0.0547	0.8459	-2.3703	-0.5363	8.2959	-203	103	19	-3.0992	1.5725	0.2901	-0.0541	0.0274	0.051
smp#2	-3976	-904	13756	-0.2427	-0.0552	0.8396	-2.3798	-0.5411	8.2337	-190	108	30	-2.9008	1.6489	0.458	-0.0506	0.0288	0.08
smp#3	-4000	-1000	13764	-0.2441	-0.061	0.8401	-2.3942	-0.5986	8.2384	-190	102	37	-2.9008	1.5573	0.5649	-0.0506	0.0272	0.099
smp#4	-4032	-996	13884	-0.2461	-0.0608	0.8474	-2.4134	-0.5962	8.3103	-189	100	37	-2.8855	1.5267	0.5649	-0.0504	0.0266	0.099
smp#5	-3872	-932	13732	-0.2363	-0.0569	0.8381	-2.3176	-0.5578	8.2193	-199	113	38	-3.0382	1.7252	0.5802	-0.053	0.0301	0.0101
smp#6	-3856	-912	13968	-0.2354	-0.0557	0.8525	-2.308	-0.5459	8.3606	-193	102	44	-2.9466	1.5573	0.6718	-0.0514	0.0272	0.0117
smp#7	-3904	-1024	13812	-0.2383	-0.0625	0.843	-2.3367	-0.6129	8.2672	-201	98	39	-3.0687	1.4962	0.5954	-0.0536	0.0261	0.0104
smp#8	-3880	-812	13724	-0.2368	-0.0496	0.8376	-2.3224	-0.486	8.2145	-193	103	35	-2.9466	1.5725	0.5344	-0.0514	0.0274	0.093
smp#9	-3936	-1052	13848	-0.2402	-0.0642	0.8452	-2.3559	-0.6297	8.2887	-195	93	42	-2.9771	1.4198	0.6412	-0.052	0.0248	0.0112
smp#10	-3796	-1052	13724	-0.2317	-0.0642	0.8376	-2.2721	-0.6297	8.2145	-195	108	29	-2.9771	1.6489	0.4427	-0.052	0.0288	0.077
smp#11	-4060	-928	13828	-0.2478	-0.0566	0.844	-2.4301	-0.5555	8.2768	-194	112	35	-2.9618	1.7099	0.5344	-0.0517	0.0298	0.093
smp#12	-4004	-940	13692	-0.2444	-0.0574	0.8357	-2.3966	-0.5626	8.1954	-199	107	32	-3.0382	1.6336	0.4885	-0.053	0.0285	0.085
smp#13	-4008	-900	13824	-0.2446	-0.0549	0.8438	-2.399	-0.5387	8.2744	-196	106	36	-2.9924	1.6183	0.5496	-0.0522	0.0282	0.096
smp#14	-3968	-912	13932	-0.2422	-0.0557	0.8503	-2.375	-0.5459	8.339	-199	114	36	-3.0382	1.7405	0.5496	-0.053	0.0304	0.096
smp#15	-3920	-996	13764	-0.2393	-0.0608	0.8401	-2.3463	-0.5962	8.2384	-193	103	34	-2.9466	1.5725	0.5191	-0.0514	0.0274	0.091
smp#16	-3816	-988	13856	-0.2329	-0.0603	0.8457	-2.2841	-0.5914	8.2935	-180	107	38	-2.7481	1.6336	0.5802	-0.048	0.0285	0.0101
smp#17	-3872	-876	13824	-0.2363	-0.0535	0.8438	-2.3176	-0.5243	8.2744	-195	103	19	-2.9771	1.5725	0.2901	-0.052	0.0274	0.051
smp#18	-3912	-1036	13888	-0.2388	-0.0632	0.8477	-2.3415	-0.6201	8.3127	-181	114	20	-2.7634	1.7405	0.3053	-0.0482	0.0304	0.053
smp#19	-3996	-960	13936	-0.2439	-0.0586	0.8506	-2.3918	-0.5746	8.3414	-195	111	43	-2.9771	1.6947	0.6565	-0.052	0.0296	0.0115
smp#20	-3980	-784	13864	-0.2429	-0.0479	0.8462	-2.3822	-0.4693	8.2983	-193	109	39	-2.9466	1.6641	0.5954	-0.0514	0.029	0.0104
smp#21	-3928	-1016	13916	-0.2397	-0.062	0.8494	-2.3511	-0.6081	8.3294	-183	111	26	-2.7939	1.6947	0.3969	-0.0488	0.0296	0.069
smp#22	-3900	-1036	13816	-0.238	-0.0632	0.8433	-2.3343	-0.6201	8.2696	-192	95	29	-2.9313	1.4504	0.4427	-0.0512	0.0253	0.077
smp#23	-3944	-968	13740	-0.2407	-0.0591	0.8386	-2.3607	-0.5794	8.2241	-184	118	28	-2.8092	1.8015	0.4275	-0.049	0.0314	0.075
smp#24	-4044	-1012	13840	-0.2468	-0.0618	0.8447	-2.4205	-0.6057	8.2839	-193	101	41	-2.9466	1.542	0.626	-0.0514	0.0269	0.0109
smp#25	-3956	-912	13732	-0.2415	-0.0557	0.8381	-2.3679	-0.5459	8.2193	-197	106	30	-3.076	1.6183	0.458	-0.0525	0.0282	0.08
smp#26	-3940	-996	13700	-0.2405	-0.0608	0.8362	-2.3583	-0.5962	8.2001	-194	116	34	-2.9618	1.771	0.5191	-0.0517	0.0309	0.091
smp#27	-3880	-1000	13752	-0.2368	-0.061	0.8394	-2.3224	-0.5986	8.2313	-194	108	43	-2.9618	1.6489	0.6565	-0.0517	0.0288	0.0115
smp#28	-3936	-864	13872	-0.2402	-0.0527	0.8467	-2.3559	-0.5171	8.3031	-193	103	39	-2.9466	1.5725	0.5954	-0.0514	0.0274	0.0104
smp#29	-3964	-992	13784	-0.2419	-0.0605	0.8413	-2.3727	-0.5938	8.2504	-181	116	34	-2.7634	1.771	0.5191	-0.0482	0.0309	0.091
smp#30	-3912	-1008	13776	-0.2388	-0.0615	0.8408	-2.3415	-0.6033	8.2456	-194	117	20	-2.9618	1.7863	0.3053	-0.0517	0.0312	0.053
smp#31	-3948	-992	13868	-0.241	-0.0605	0.8464	-2.3631	-0.5938	8.3007	-190	111	32	-2.9008	1.6947	0.4885	-0.0506	0.0296	0.085
smp#32	-3852	-1004	13744	-0.2351	-0.0613	0.8389	-2.3056	-0.6009	8.2265	-197	110	36	-3.076	1.6794	0.5496	-0.0525	0.0293	0.096
smp#33	-3912	-896	13844	-0.2388	-0.0547	0.845	-2.3415	-0.5363	8.2863	-195	113	35	-2.9771	1.7252	0.5344	-0.052	0.0301	0.093
smp#34	-3964	-976	13960	-0.2419	-0.0596	0.8521	-2.3727	-0.5842	8.3558	-191	112	39	-2.916	1.7099	0.5954	-0.0509	0.0298	0.0104
smp#35	-3780	-920	13724	-0.2307	-0.0562	0.8376	-2.2625	-0.5507	8.2145	-199	107	34	-3.0382	1.6336	0.5191	-0.053	0.0285	0.091
smp#36	-3892	-972	13908	-0.2375	-0.0593	0.8489	-2.3296	-0.5818	8.3246	-178	107	32	-2.7176	1.6336	0.4885	-0.0474	0.0285	0.085
smp#37	-3868	-952	13816	-0.2361	-0.0581	0.8433	-2.3152	-0.5698	8.2696	-187	121	28	-2.855	1.8473	0.4275	-0.0498	0.0322	0.075
smp#38	-3864	-900	13852	-0.2358	-0.0549	0.8455	-2.3128	-0.5387	8.2911	-184	107	32	-2.8092	1.6336	0.4885	-0.049	0.0285	0.085
smp#39	-3812	-836	13760	-0.2327	-0.051	0.8398	-2.2817	-0.5004	8.2361	-199	111	20	-3.0382	1.6947	0.3053	-0.053	0.0296	0.053
smp#40	-3888	-1012	13948	-0.2373	-0.0618	0.8513	-2.3272	-0.6057	8.3486	-190	105	37	-2.9008	1.6031	0.5649	-0.0506	0.028	0.099
smp#41	-3980	-984	13816	-0.2429	-0.0601	0.8433	-2.3822	-0.589	8.2696	-198	99	33	-3.0229	1.5115	0.5038	-0.0528	0.0264	0.088
smp#42	-3960	-968	13836	-0.2417	-0.0591	0.8445	-2.3703	-0.5794	8.2815	-187	113	41	-2.855	1.7252	0.626	-0.0498	0.0301	0.0109
smp#43	-3928	-1028	13740	-0.2397	-0.0627	0.8386	-2.3511	-0.6153	8.2241	-191	109	35	-2.916	1.6641	0.5344	-0.0509	0.029	0.093
smp#44	-3984	-1036	13932	-0.2432	-0.0632	0.8503	-2.3846	-0.6201	8.339	-208	109	33	-3.1756	1.6641	0.5038	-0.0554	0.029	0.088
smp#45	-3840	-1116	13860	-0.2344	-0.0681	0.8459	-2.2984	-0.668	8.2959	-156	137	41	-2.3817	2.0916	0.626	-0.0416	0.0365	0.0109
smp#46	-3872	-992	13812	-0.2363	-0.0605	0.843	-2.3176	-0.5938	8.2672	-192	121	38	-2.9313	1.8473	0.5802	-0.0512	0.0322	0.0101
smp#47	-3904	-1028	13868	-0.2383	-0.0627	0.8464	-2.3367	-0.6153	8.3007	-193	103	33	-2.9466	1.5725	0.5038	-0.0514	0.0274	0.088
smp#48	-3984	-904	13828	-0.2432	-0.0552	0.844	-2.3846	-0.5411	8.2768	-207	122	36	-3.1603	1.8626	0.5496	-0.0552	0.0325	0.096
smp#49	-3888	-1004	13936	-0.2373	-0.0613	0.8506	-2.3272	-0.6009	8.3414	-203	93	29	-3.0992	1.4198	0.4427	-0.0541	0.0248	0.077
smp#50	-3884	-952	13788	-0.2371	-0.0581	0.8416	-2.3248	-0.5698	8.2528	-201	98	24	-3.0687	1.4962	0.3664	-0.0536	0.0261	0.064
smp#51	-3840	-932	13756	-0.2344	-0.0569	0.8396	-2.2984	-0.5578	8.2337	-179	114	35	-2.7328	1.7405	0.5344	-0.0477	0.0304	0.093
smp#52	-4024	-1012	13820	-0.2456	-0.0618	0.8435	-2.4086	-0.6057	8.272	-198	112	30	-3.0229	1.7099	0.458	-0.0528	0.0298	0.08
smp#53	-4004	-976	13852	-0.2444	-0.0596	0.8455	-2.3966	-0.5842	8.2911	-194	107	44	-2.9618	1.6336	0.6718	-0.0517	0.0285	0.0117
smp#54	-3968	-968	13824	-0.2422	-0.0591	0.8438	-2.375	-0.5794	8.2744	-189	110	34	-2.8855	1.6794	0.5191	-0.0504	0.0293	0.091
smp#55	-3936	-920	13844	-0.2402	-0.0562	0.845	-2.3559	-0.5507	8.2863	-204	104	28	-3.1145	1.5878	0.4275	-0.0544	0.0277	0.075
smp#56	-3912	-940	13772	-0.2388	-0.0574	0.8406	-2.3415	-0.5626	8.2432	-193	107	34	-2.9466	1.6336	0.5191	-0.0514	0.0285	0.091
smp#57	-3908	-956	13904	-0.2385	-0.0583	0.8486	-2.3391	-0.5722	8.3222	-205	104	36	-3.1298	1.5878	0.5496	-0.0546	0.0277	0.096
smp#58	-3852	-936	13896	-0.2351	-0.0571	0.8481	-2.3056	-0.5602	8.3175	-200	96	20	-3.0534	1.4656	0.3053	-0.0533	0.0256	0.053
smp#59	-3868	-940	13788	-0.2361	-0.0574	0.8416	-2.3152	-0.5626	8.2528	-187	97	33	-2.855	1.4809	0.5038	-0.0498	0.0258	0.088
smp#60	-3936	-924	13796	-0.2402	-0.0564	0.842	-2.3559	-0.5531	8.2576	-208	103	37	-3.1756	1.5725	0.5649	-0.0554	0.0274	0.099
smp#61	-3868	-1004	13728	-0.2361	-0.0613	0.8379	-2.3152	-0.6009	8.2169	-217	114	38	-3.313	1.7405	0.5802	-0.0578	0.0304	0.0101
smp#62	-3928	-864	13796	-0.2397	-0.0527	0.842	-2.3511	-0.5171	8.2576	-197	118	40	-3.076	1.8015	0.6107	-0.0525	0.0314	0.0107
smp#63	-3960	-980	13828	-0.2417	-0.0598	0.844	-2.3703	-0.5866	8.2768	-198	95	39	-3.0229	1.4504	0.5954	-0.0528	0.0253	0.0104
smp#64	-3976	-1040	13932	-0.2427	-0.0635	0.8503	-2.3798	-0.6225	8.339	-192	116	27	-2.9313	1.771	0.4122	-0.0512	0.0309	0.072
smp#65	-3928	-892	13916	-0.2397	-0.0544	0.8494	-2.3511	-0.5339	8.3294	-195	115	32	-2.9771	1.7557	0.4885	-0.052	0.0306	0.085
smp#66	-3968	-992	13716	-0.2422	-0.0605	0.8372	-2.375	-0.5938	8.2097	-191	97	41	-2.916	1.4809	0.626	-0.0509	0.0258	0.0109
smp#67	-3872	-940	13864	-0.2363	-0.0574	0.8462	-2.3176	-0.5626	8.2983	-198	111	27	-3.0229	1.6947	0.4122	-0.0528	0.0296	0.072
smp#68	-3896	-992	13788	-0.2378	-0.0605	0.8416	-2.332	-0.5938	8.2528	-210	102	39	-3.2061	1.5573	0.5954	-0.056	0.0272	0.0104
smp#69	-3928	-956	13696	-0.2397	-0.0583	0.8359	-2.3511	-0.5722	8.1977	-187	101	34	-2.855	1.542	0.5191	-0.0498	0.0269	0.091
smp#70	-3940	-956	13740	-0.2405	-0.0583	0.8386	-2.3583	-0.5722	8.2241	-211	113	36	-3.2214	1.7252	0.5496	-0.0562	0.0301	0.096
smp#71	-3812	-1012	13784	-0.2327	-0.0618	0.8413	-2.2817	-0.6057	8.2504	-188	103	25	-2.8702	1.5725	0.3817	-0.0501	0.0274	0.067
smp#72	-3956	-1004	13756	-0.2415	-0.0613	0.8396	-2.3679	-0.6009	8.2337	-198	99	26	-3.0229	1.5115	0.3969	-0.0528	0.0264	0.069
smp#73	-3784	-1008	13912	-0.231	-0.0615	0.8491	-2.2649	-0.6033	8.327	-194	106	34	-2.9618	1.6183	0.5191	-0.0517	0.0282	0.091
smp#74	-3892	-964	13908	-0.2375	-0.0588	0.8489	-2.3296	-0.577	8.3246	-195	109	33	-2.9771	1.6641	0.5038	-0.052	0.029	0.088
smp#75	-3824	-1072	13848	-0.2334	-0.0654	0.8452	-2.2889	-0.6416	8.2887	-195	114	19	-2.9771	1.7405	0.2901	-0.052	0.0304	0.051
smp#76	-3972	-1008	13976	-0.2424	-0.0615	0.853	-2.3774	-0.6033	8.3653	-203	103	33	-3.0992	1.5725	0.5038	-0.0541	0.0274	0.088
smp#77	-3912	-928	13940	-0.2388	-0.0566	0.8508	-2.3415	-0.5555	8.3438	-205	110	27	-3.1298	1.6794	0.4122	-0.0546	0.0293	0.072
smp#78	-3880	-996	13760	-0.2368	-0.0608	0.8398	-2.3224	-0.5962	8.2361	-184	96	39	-2.8092	1.4656	0.5954	-0.049	0.0256	0.0104
smp#79	-3888	-1036	13740	-0.2373	-0.0632	0.8386	-2.3272	-0.6201	8.2241	-197	106	34	-3.076	1.6183	0.5191	-0.0525	0.0282	0.091
smp#80	-3876	-964	13752	-0.2366	-0.0588	0.8394	-2.32	-0.577	8.2313	-206	108	41	-3.145	1.6489	0.626	-0.0549	0.0288	0.0109
smp#81	-3964	-964	13920	-0.2419	-0.0588	0.8496	-2.3727	-0.577	8.3318	-190	105	42	-2.9008	1.6031	0.6412	-0.0506	0.028	0.0112
smp#82	-3900	-976	13892	-0.238	-0.0596	0.8479	-2.3343	-0.5842	8.3151	-202	96	33	-3.084	1.4656	0.5038	-0.0538	0.0256	0.088
smp#83	-3904	-1068	13836	-0.2383	-0.0652	0.8445	-2.3367	-0.6393	8.2815	-199	112	31	-3.0382	1.7099	0.4733	-0.053	0.0298	0.083
smp#84	-3992	-1008	13888	-0.2437	-0.0615	0.8477	-2.3894	-0.6033	8.3127	-198	105	31	-3.0229	1.6031	0.4733	-0.0528	0.028	0.083
smp#85	-3912	-988	13796	-0.2388	-0.0603	0.842	-2.3415	-0.5914	8.2576	-196	108	31	-2.9924	1.6489	0.4733	-0.0522	0.0288	0.083
smp#86	-3876	-988	13804	-0.2366	-0.0603	0.8425	-2.32	-0.5914	8.2624	-188	104	30	-2.8702	1.5878	0.458	-0.0501	0.0277	0.08
smp#87	-3904	-916	13856	-0.2383	-0.0559	0.8457	-2.3367	-0.5483	8.2935	-194	99	27	-2.9618	1.5115	0.4122	-0.0517	0.0264	0.072
smp#88	-3880	-868	13752	-0.2368	-0.053	0.8394	-2.3224	-0.5195	8.2313	-195	110	30	-2.9771	1.6794	0.458	-0.052	0.0293	0.08
smp#89	-4000	-980	13884	-0.2441	-0.0598	0.8474	-2.3942	-0.5866	8.3103	-195	105	34	-2.9771	1.6031	0.5191	-0.052	0.028	0.091
smp#90	-4048	-992	13792	-0.2471	-0.0605	0.8418	-2.4229	-0.5938	8.2552	-195	114	37	-2.9771	1.7405	0.5649	-0.052	0.0304	0.099
smp#91	-3912	-952	13852	-0.2388	-0.0581	0.8455	-2.3415	-0.5698	8.2911	-194	96	28	-2.9618	1.4656	0.4275	-0.0517	0.0256	0.075
smp#92	-3940	-964	13832	-0.2405	-0.0588	0.8442	-2.3583	-0.577	8.2791	-198	111	28	-3.0229	1.6947	0.4275	-0.0528	0.0296	0.075
smp#93	-3964	-948	13808	-0.2419	-0.0579	0.8428	-2.3727	-0.5674	8.2648	-187	103	34	-2.855	1.5725	0.5191	-0.0498	0.0274	0.091
smp#94	-3928	-952	13780	-0.2397	-0.0581	0.8411	-2.3511	-0.5698	8.248	-188	102	39	-2.8702	1.5573	0.5954	-0.0501	0.0272	0.0104
smp#95	-4036	-992	13772	-0.2463	-0.0605	0.8406	-2.4157	-0.5938	8.2432	-190	104	49	-2.9008	1.5878	0.7481	-0.0506	0.0277	0.0131
smp#96	-3948	-1036	13644	-0.241	-0.0632	0.8328	-2.3631	-0.6201	8.1666	-202	106	37	-3.084	1.6183	0.5649	-0.0538	0.0282	0.099
smp#97	-4092	-956	13816	-0.2498	-0.0583	0.8433	-2.4493	-0.5722	8.2696	-198	114	30	-3.0229	1.7405	0.458	-0.0528	0.0304	0.08
smp#98	-3904	-1016	13852	-0.2383	-0.062	0.8455	-2.3367	-0.6081	8.2911	-202	95	28	-3.084	1.4504	0.4275	-0.0538	0.0253	0.075
smp#99	-3996	-1020	13944	-0.2439	-0.0623	0.8511	-2.3918	-0.6105	8.3462	-191	110	39	-2.916	1.6794	0.5954	-0.0509	0.0293	0.0104
smp#10	0 -3884	-864	13892	-0.2371	-0.0527	0.8479	-2.3248	-0.5171	8.3151	-206	97	31	-3.145	1.4809	0.4733	-0.0549	0.0258	0.083
