smp#1   -3812   -756    13828   -0.2327 -0.0461 0.8440  -2.2817 -0.4525 8.2768  -269    108     42      -4.1069	1.6489	0.6412  -0.0717 0.0288   0.0112
smp#2   -3848   -580    13904   -0.2349 -0.0354 0.8486  -2.3032 -0.3472 8.3222  -212    98      22      -3.2366 1.4962  0.3359  -0.0565 0.0261   0.059
smp#3   -4008   -520    13644   -0.2446 -0.0317 0.8328  -2.3990 -0.3112 8.1666  -203    145     32      -3.0992 2.2137  0.4885  -0.0541 0.0386   0.085
smp#4   -3948   -500    13792   -0.2410 -0.0305 0.8418  -2.3631 -0.2993 8.2552  -226    50      35      -3.4504 0.7634  0.5344  -0.0602 0.0133   0.093
smp#5   -3868   -516    13796   -0.2361 -0.0315 0.8420  -2.3152 -0.3089 8.2576  -12     190     57      -0.1832 2.9008  0.8702  -0.032  0.0506   0.0152
smp#6   -12008  -4932   7116    -0.7329 -0.3010 0.4343  -7.1874 -2.9521 4.2593  -1248   -5439   -687    -19.0534        -83.0382        -10.4885 -0.3325 -1.4493 -0.1831
smp#7   232     -7668   -2460   0.0142  -0.4680 -0.1501 0.1389  -4.5897 -1.4724 -54     -21806  83      -0.8244 -332.9160       1.2672  -0.0144  -5.8105 0.0221
smp#8   -5080   6776    23984   -0.3101 0.4136  1.4639  -3.0406 4.0558  14.3556 -6970   -2125   3783    -106.4122       -32.4427        57.7557  -1.8572 -0.5662 1.080
smp#9   -4904   7176    2400    -0.2993 0.4380  0.1465  -2.9353 4.2952  1.4365  -7724   -15343  -1041   -117.9237       -234.2443       -15.8931 -2.0582 -4.0883 -0.2774
smp#10  -11512  14260   32767   -0.7026 0.8704  1.9999  -6.8905 8.5353  19.6127 -7389   -5902   -2210   -112.8092       -90.1069        -33.7405 -1.9689 -1.5727 -0.5889
smp#11  684     -11088  -32076  0.0417  -0.6768 -1.9578 0.4094  -6.6367 -19.1991        -8387   -13343  4625    -128.0458       -203.709970.6107 -2.2348 -3.5554 1.2324
smp#12  -1612   -7736   24524   -0.0984 -0.4722 1.4968  -0.9649 -4.6304 14.6789 -437    12858   -11509  -6.6718 196.3053        -175.7099-0.1164 3.4262  -3.0667
smp#13  -7260   -5732   15620   -0.4431 -0.3499 0.9534  -4.3455 -3.4309 9.3494  -18773  -27471  5544    -286.6107       -419.4046       84.6412  -5.023  -7.3200 1.4773
smp#14  10232   -5348   3892    0.6245  -0.3264 0.2375  6.1244  -3.2010 2.3296  8778    -7690   7034    134.0153        -117.4046       107.3893 2.3390  -2.0491 1.8743
smp#15  12288   -7840   5596    0.7500  -0.4785 0.3416  7.3550  -4.6926 3.3495  -1651   -927    -5702   -25.2061        -14.1527        -87.0534 -0.4399 -0.2470 -1.5194
smp#16  10728   -4376   3044    0.6548  -0.2671 0.1858  6.4212  -2.6193 1.8220  32767   768     -7786   500.2596        11.7252 -118.87028.7312  0.2046  -2.0747
smp#17  12176   13552   10844   0.7432  0.8271  0.6619  7.2880  8.1116  6.4907  15609   3956    -8617   238.3053        60.3969 -131.55734.1592  1.0541  -2.2961
smp#18  16652   32767   14484   1.0164  1.9999  0.8840  9.9671  19.6127 8.6694  3485    4479    -21457  53.2061 68.3817 -327.5878       0.9286   1.1935  -5.7175
smp#19  3592    25548   6248    0.2192  1.5593  0.3813  2.1500  15.2918 3.7397  4026    -2660   168     61.4656 -40.6107        2.5649  1.0728   -0.7088 0.0448
smp#20  -10456  7876    5428    -0.6382 0.4807  0.3313  -6.2584 4.7142  3.2489  259     -4076   -11455  3.9542  -62.2290        -174.88550.0690  -1.0861 -3.0523
smp#21  -6616   17652   6840    -0.4038 1.0774  0.4175  -3.9600 10.5656 4.0941  -16051  17235   31396   -245.0534       263.1298        479.3282 -4.2770 4.5925  8.3659
smp#22  7712    19836   32748   0.4707  1.2107  1.9988  4.6160  11.8728 19.6013 -15026  -8102   -5371   -229.4046       -123.6947       -82.00   -4.039  -2.1589 -1.4312
smp#23  1456    18936   18460   0.0889  1.1558  1.1267  0.8715  11.3342 11.0492 -12184  -6904   -3207   -186.0153       -105.4046       -48.9618 -3.2466 -1.8397 -0.8545
smp#24  260     17540   9976    0.0159  1.0706  0.6089  0.1556  10.4986 5.9711  4793    2211    10965   73.1756 33.7557 167.4046        1.2772   0.5891  2.9218
smp#25  4752    -11164  2108    0.2900  -0.6814 0.1287  2.8443  -6.6822 1.2617  -12954  -3630   -6445   -197.7710       -55.4198        -98.3969 -3.4518 -0.9673 -1.7174
smp#26  1436    9044    28040   0.0876  0.5520  1.7114  0.8595  5.4133  16.7834 -32768  1745    2573    -500.2748       26.6412 39.2824 -8.7314  0.4650  0.6856
smp#27  1700    -8240   14576   0.1038  -0.5029 0.8896  1.0175  -4.9321 8.7245  -19326  -4875   -7136   -295.0534       -74.4275        -108.9466        -5.1497 -1.2990 -1.9015
smp#28  4092    -15396  5504    0.2498  -0.9397 0.3359  2.4493  -9.2153 3.2944  -23839  -10857  -1967   -363.9542       -165.7557       -30.0305 -6.3522 -2.8930 -0.5241
smp#29  3656    -12572  304     0.2231  -0.7673 0.0186  2.1883  -7.5250 0.1820  -7244   -4407   -2559   -110.5954       -67.2824        -39.0687 -1.9303 -1.1743 -0.6819
smp#30  5684    -14924  -1240   0.3469  -0.9109 -0.0757 3.4022  -8.9328 -0.7422 2524    -3161   -4550   38.5344 -48.2595        -69.46570.6726   -0.8423 -1.2124
smp#31  -452    3160    -5176   -0.0276 0.1929  -0.3159 -0.2705 1.8914  -3.0981 32767   16897   -11638  500.2596        257.9695        -177.6794        8.7312  4.5024  -3.1011
smp#32  5564    17756   15736   0.3396  1.0837  0.9604  3.3303  10.6279 9.4188  12169   6626    3079    185.7863        101.1603        47.076   3.2426  1.7656  0.8204
smp#33  10612   21984   16340   0.6477  1.3418  0.9973  6.3518  13.1585 9.7803  -11820  776     -8112   -180.4580       11.8473 -123.8473-3.1496 0.2068  -2.1615
smp#34  -5276   13204   -19140  -0.3220 0.8059  -1.1682 -3.1580 7.9033  -11.4563        -32768  -11030  3779    -500.2748       -168.396957.6947 -8.7314 -2.9391 1.070
smp#35  3540    -9884   19408   0.2161  -0.6033 1.1846  2.1189  -5.9161 11.6167 -13431  -2143   890     -205.0534       -32.7176        13.5878  -3.5789 -0.5710 0.2372
smp#36  -2812   -13320  27076   -0.1716 -0.8130 1.6526  -1.6831 -7.9727 16.2064 32767   20631   6790    500.2596        314.9771        103.6641 8.7312  5.4974  1.8093
smp#37  -1276   -6008   14076   -0.0779 -0.3667 0.8591  -0.7638 -3.5961 8.4252  9752    1369    -383    148.8855        20.9008 -5.8473 2.5985   0.3648  -0.1021
smp#38  -3108   268     11272   -0.1897 0.0164  0.6880  -1.8603 0.1604  6.7469  16803   -1978   -3355   256.5344        -30.1985        -51.2214 4.4774  -0.5271 -0.8940
smp#39  1548    -27208  12244   0.0945  -1.6606 0.7473  0.9266  -16.2854        7.3287  -8055   4712    7700    -122.9771       71.9389 117.5573 -2.1464 1.2556  2.0518
smp#40  6488    -18396  1136    0.3960  -1.1228 0.0693  3.8834  -11.0109        0.6800  -14628  -1804   -2620   -223.3282       -27.5420-40.00   -3.8978 -0.4807 -0.6981
smp#41  5416    -11968  2080    0.3306  -0.7305 0.1270  3.2417  -7.1635 1.2450  -10986  1490    -2323   -167.7252       22.7481 -35.4656-2.9274  0.3970  -0.6190
smp#42  3560    -18196  5280    0.2173  -1.1106 0.3223  2.1308  -10.8912        3.1603  -5341   -395    -394    -81.5420        -6.0305 -6.0153  -1.4232 -0.1053 -0.1050
smp#43  1208    -11756  868     0.0737  -0.7175 0.0530  0.7230  -7.0366 0.5195  -2704   -1550   -524    -41.2824        -23.6641        -8.00    -0.7205 -0.4130 -0.1396
smp#44  5052    -17348  -12     0.3083  -1.0588 -0.07   3.0239  -10.3837        -0.072  20901   4639    -7998   319.0992        70.8244 -122.1069        5.5693  1.2361  -2.1312
smp#45  4624    -8692   16204   0.2822  -0.5305 0.9890  2.7677  -5.2026 9.6989  22580   4767    -5348   344.7328        72.7786 -81.64896.0167   1.2702  -1.4250
smp#46  2920    2812    7132    0.1782  0.1716  0.4353  1.7478  1.6831  4.2689  20694   2853    1248    315.9389        43.5573 19.0534 5.5142   0.7602  0.3325
smp#47  9000    1768    9432    0.5493  0.1079  0.5757  5.3870  1.0582  5.6455  10961   13643   -942    167.3435        208.2901        -14.3817 2.9207  3.6353  -0.2510
smp#48  -1960   9324    15812   -0.1196 0.5691  0.9651  -1.1732 5.5809  9.4643  3531    10878   -1473   53.9084 166.0763        -22.48860.9409   2.8986  -0.3925
smp#49  -2692   5716    18728   -0.1643 0.3489  1.1431  -1.6113 3.4213  11.2097 -11472  -1077   2624    -175.1450       -16.4427        40.0611  -3.0569 -0.2870 0.6992
smp#50  3000    -5076   3412    0.1831  -0.3098 0.2083  1.7957  -3.0382 2.0423  -22442  -8899   5370    -342.6259       -135.8626       81.9847  -5.9800 -2.3712 1.4309
smp#51  -2364   -10212  -2712   -0.1443 -0.6233 -0.1655 -1.4150 -6.1124 -1.6233 -5935   -7513   6231    -90.6107        -114.7023       95.1298  -1.5815 -2.019  1.6603
smp#52  1132    -7184   9996    0.0691  -0.4385 0.6101  0.6776  -4.3000 5.9831  18107   5642    8925    276.4427        86.1374 136.25954.8248   1.5034  2.3782
smp#53  3972    -1264   7776    0.2424  -0.0771 0.4746  2.3774  -0.7566 4.6543  1645    -1483   -2596   25.1145 -22.6412        -39.63360.4383   -0.3952 -0.6917
smp#54  -88     -12752  -1592   -0.054  -0.7783 -0.0972 -0.0527 -7.6327 -0.9529 7848    -24     -3107   119.8168        -0.3664 -47.43512.0912   -0.064  -0.8279
smp#55  116     10304   18192   0.071   0.6289  1.1104  0.0694  6.1675  10.8888 15643   -4575   3194    238.8244        -69.8473        48.7634  4.1683  -1.2191 0.8511
smp#56  1796    8916    3308    0.1096  0.5442  0.2019  1.0750  5.3367  1.9800  16220   3249    -7383   247.6336        49.6031 -112.71764.3220  0.8657  -1.9673
smp#57  -1764   8560    -5424   -0.1077 0.5225  -0.3311 -1.0558 5.1236  -3.2465 15844   -526    -9728   241.8931        -8.0305 -148.51914.2218  -0.1402 -2.5921
smp#58  -9312   13740   -12928  -0.5684 0.8386  -0.7891 -5.5737 8.2241  -7.7381 5740    -999    -5408   87.6336 -15.2519        -82.56491.5295   -0.2662 -1.4410
smp#59  -6252   7732    -10460  -0.3816 0.4719  -0.6384 -3.7421 4.6280  -6.2608 -20959  15136   22103   -319.9847       231.0840        337.4504 -5.5848 4.0332  5.8896
smp#60  2568    20248   328     0.1567  1.2358  0.0200  1.5371  12.1194 0.1963  -17266  -3043   4039    -263.6031       -46.4580        61.6641  -4.6007 -0.8108 1.0762
smp#61  744     924     11864   0.0454  0.0564  0.7241  0.4453  0.5531  7.1012  -16377  1574    -5705   -250.0305       24.0305 -87.0992-4.3639  0.4194  -1.5202
smp#62  592     9300    17716   0.0361  0.5676  1.0813  0.3543  5.5665  10.6039 -13920  271     -7979   -212.5191       4.1374  -121.8168-3.7092 0.0722  -2.1261
smp#63  68      -184    13932   0.042   -0.0112 0.8503  0.0407  -0.1101 8.3390  -8207   -2273   -4259   -125.2977       -34.7023        -65.0229 -2.1869 -0.6057 -1.1349
smp#64  1144    3324    10540   0.0698  0.2029  0.6433  0.6847  1.9896  6.3087  9944    -242    3297    151.8168        -3.6947 50.3359 2.6497   -0.0645 0.8785
smp#65  428     10636   15044   0.0261  0.6492  0.9182  0.2562  6.3662  9.046   13940   -2712   3887    212.8244        -41.4046        59.3435  3.7145  -0.7226 1.0357
smp#66  7432    24544   26720   0.4536  1.4980  1.6309  4.4484  14.6908 15.9933 29267   13406   -20025  446.8244        204.6718        -305.7252        7.7986  3.5722  -5.3359
smp#67  -344    19124   2096    -0.0210 1.1672  0.1279  -0.2059 11.4467 1.2546  1613    3030    -4474   24.6260 46.2595 -68.3053        0.4298   0.8074  -1.1922
smp#68  -4888   14108   -7192   -0.2983 0.8611  -0.4390 -2.9257 8.4443  -4.3048 7275    -132    -2697   111.0687        -2.0153 -41.17561.9385   -0.0352 -0.7186
smp#69  -4180   11948   -6696   -0.2551 0.7292  -0.4087 -2.5019 7.1515  -4.079  333     -264    1194    5.0840  -4.0305 18.2290 0.0887  -0.0703  0.3182
smp#70  -4032   6880    -3872   -0.2461 0.4199  -0.2363 -2.4134 4.1180  -2.3176 -32768  6501    15606   -500.2748       99.2519 238.2595-8.7314  1.7323  4.1584
smp#71  -1888   13856   8564    -0.1152 0.8457  0.5227  -1.1301 8.2935  5.1260  -7051   1085    2349    -107.6489       16.5649 35.8626 -1.8788  0.2891  0.6259
smp#72  -752    11672   11308   -0.0459 0.7124  0.6902  -0.4501 6.9863  6.7684  3698    542     -1420   56.4580 8.2748  -21.6794        0.9854   0.1444  -0.3784
smp#73  -3024   11708   21280   -0.1846 0.7146  1.2988  -1.8100 7.078   12.7372 -11343  -4226   3620    -173.1756       -64.5191        55.2672  -3.0225 -1.1261 0.9646
smp#74  -4364   13988   10676   -0.2664 0.8538  0.6516  -2.6121 8.3725  6.3901  -7349   -1276   2036    -112.1985       -19.4809        31.0840  -1.9582 -0.3400 0.5425
smp#75  488     8764    18824   0.0298  0.5349  1.1489  0.2921  5.2457  11.2671 -23865  1102    452     -364.3511       16.8244 6.9008  -6.3591  0.2936  0.1204
smp#76  -4040   -13800  4784    -0.2466 -0.8423 0.2920  -2.4181 -8.2600 2.8635  -17712  585     -4105   -270.4122       8.9313  -62.6718-4.7196  0.1559  -1.0938
smp#77  -3780   -17132  1820    -0.2307 -1.0457 0.1111  -2.2625 -10.2544        1.0894  1043    -750    -1063   15.9237 -11.4504        -16.2290 0.2779  -0.1998 -0.2832
smp#78  -2176   -15860  -1952   -0.1328 -0.9680 -0.1191 -1.3024 -9.4930 -1.1684 -4822   385     -2544   -73.6183        5.8779  -38.8397-1.2849  0.1026  -0.6779
smp#79  -1884   -17380  -4960   -0.1150 -1.0608 -0.3027 -1.1277 -10.4028        -2.9688 4647    -42     -597    70.9466 -0.6412 -9.1145 1.2383   -0.0112 -0.1591
smp#80  236     -13040  -9364   0.0144  -0.7959 -0.5715 0.1413  -7.8051 -5.6048 14352   469     -863    219.1145        7.1603  -13.17563.8243   0.1250  -0.2300
smp#81  -1680   -5064   8848    -0.1025 -0.3091 0.5400  -1.056  -3.0311 5.2960  19237   -121    -2018   293.6947        -1.8473 -30.80925.1259   -0.0322 -0.5377
smp#82  -720    -2748   15996   -0.0439 -0.1677 0.9763  -0.4310 -1.6448 9.5744  5036    -894    -501    76.8855 -13.6489        -7.6489 1.3419   -0.2382 -0.1335
smp#83  -1452   -3092   10172   -0.0886 -0.1887 0.6208  -0.8691 -1.8507 6.0885  -1578   181     -236    -24.0916        2.7634  -3.6031 -0.4205  0.0482  -0.0629
smp#84  656     6528    18256   0.0400  0.3984  1.1143  0.3926  3.9073  10.9271 5004    202     -126    76.3969 3.0840  -1.9237 1.3334  0.0538   -0.0336
smp#85  -1304   5852    12504   -0.0796 0.3572  0.7632  -0.7805 3.5027  7.4843  -1590   446     1138    -24.2748        6.8092  17.3740 -0.4237  0.1188  0.3032
smp#86  -2368   -7128   7752    -0.1445 -0.4351 0.4731  -1.4174 -4.2665 4.6400  -26290  -978    2325    -401.3741       -14.9313        35.4962  -7.053  -0.2606 0.6195
smp#87  -1464   1576    25468   -0.0894 0.0962  1.5544  -0.8763 0.9433  15.2439 22304   3901    -5052   340.5191        59.5573 -77.12985.9432   1.0395  -1.3462
smp#88  -288    5624    19924   -0.0176 0.3433  1.2161  -0.1724 3.3662  11.9255 -32768  -268    6601    -500.2748       -4.0916 100.7786-8.7314  -0.0714 1.7589
smp#89  -3372   -6312   6632    -0.2058 -0.3853 0.4048  -2.0183 -3.7781 3.9696  21309   962     -2345   325.3282        14.6870 -35.80155.6780   0.2563  -0.6249
smp#90  -2776   2440    16428   -0.1694 0.1489  1.027   -1.6616 1.4605  9.8330  -2564   -471    1762    -39.1450        -7.1908 26.9008 -0.6832  -0.1255 0.4695
smp#91  -560    -1808   18164   -0.0342 -0.1104 1.1086  -0.3352 -1.0822 10.8721 -32768  1732    4320    -500.2748       26.4427 65.9542 -8.7314  0.4615  1.1511
smp#92  -3640   5456    14044   -0.2222 0.3330  0.8572  -2.1787 3.2657  8.4060  32767   -490    -5083   500.2596        -7.4809 -77.60318.7312   -0.1306 -1.3544
smp#93  -2408   2104    14040   -0.1470 0.1284  0.8569  -1.4413 1.2594  8.4036  -13337  1128    2427    -203.6183       17.2214 37.0534 -3.5538  0.3006  0.6467
smp#94  -3092   6164    12256   -0.1887 0.3762  0.7480  -1.8507 3.6895  7.3358  32767   -1503   -8252   500.2596        -22.9466        -125.9847        8.7312  -0.4005 -2.1988
smp#95  -3320   13340   4352    -0.2026 0.8142  0.2656  -1.9872 7.9847  2.6049  -1260   1664    2268    -19.2366        25.4046 34.6260 -0.3357  0.4434  0.6043
smp#96  -2612   13352   6820    -0.1594 0.8149  0.4163  -1.5634 7.9918  4.0821  -10049  -718    1411    -153.4198       -10.9618        21.5420  -2.6777 -0.1913 0.3760
smp#97  -1132   4264    15556   -0.0691 0.2603  0.9495  -0.6776 2.5522  9.3111  -20029  1691    4626    -305.7863       25.8168 70.6260 -5.3370  0.4506  1.2327
smp#98  -2972   -8568   9112    -0.1814 -0.5229 0.5562  -1.7789 -5.1284 5.4540  -28021  1663    2640    -427.8015       25.3893 40.3053 -7.4665  0.4431  0.7035
smp#99  -2996   -4588   5172    -0.1829 -0.2800 0.3157  -1.7933 -2.7461 3.0957  32767   3427    -7217   500.2596        52.3206 -110.18328.7312  0.9132  -1.9231
smp#100 -2520   460     13476   -0.1538 0.0281  0.8225  -1.5083 0.2753  8.0661  32767   3286    -4240   500.2596        50.1679 -64.73288.7312   0.8756  -1.1298