smp#1   12404   3684    9256    0.7571  0.2249  0.5649  7.4244  2.2051  5.5402  -1198   155     379     -18.2901        2.3664  5.7863  -0.3192  0.0413  0.1010
smp#2   12308   3488    8944    0.7512  0.2129  0.5459  7.3670  2.0877  5.3534  906     250     -484    13.8321 3.8168  -7.3893 0.2414  0.0666   -0.1290
smp#3   11980   5852    8876    0.7312  0.3572  0.5417  7.1706  3.5027  5.3127  6423    502     -2663   98.0611 7.6641  -40.6565        1.7115   0.1338  -0.7096
smp#4   12944   5788    9708    0.7900  0.3533  0.5925  7.7476  3.4644  5.8107  -1955   -198    3360    -29.8473        -3.0229 51.2977 -0.5209  -0.0528 0.8953
smp#5   12116   8624    6212    0.7395  0.5264  0.3792  7.2520  5.1619  3.7182  -2427   -351    972     -37.0534        -5.3588 14.8397 -0.6467  -0.0935 0.2590
smp#6   12240   608     6632    0.7471  0.0371  0.4048  7.3263  0.3639  3.9696  -11995  253     3406    -183.1298       3.8626  52.00   -3.1962  0.0674  0.9076
smp#7   11872   9568    8868    0.7246  0.5840  0.5413  7.1060  5.7269  5.3079  19763   689     -6428   301.7252        10.5191 -98.13745.2661   0.1836  -1.7128
smp#8   11420   5144    6168    0.6970  0.3140  0.3765  6.8354  3.0789  3.6919  -2437   -79     3331    -37.2061        -1.2061 50.8550 -0.6494  -0.0211 0.8876
smp#9   11916   10184   3008    0.7273  0.6216  0.1836  7.1323  6.0956  1.8004  7433    -1021   238     113.4809        -15.5878        3.6336   1.9806  -0.2721 0.0634
smp#10  11528   10144   8220    0.7036  0.6191  0.5017  6.9001  6.0717  4.9201  -19068  2082    -2891   -291.1145       31.7863 -44.1374-5.0809  0.5548  -0.7703
smp#11  9956    4900    7284    0.6077  0.2991  0.4446  5.9592  2.9329  4.3598  25268   -1589   2927    385.7710        -24.2595        44.6870  6.7330  -0.4234 0.7799
smp#12  13692   10312   440     0.8357  0.6294  0.0269  8.1954  6.1723  0.2634  -21975  1543    -3694   -335.4962       23.5573 -56.3969-5.8555  0.4112  -0.9843
smp#13  10620   10688   7408    0.6482  0.6523  0.4521  6.3566  6.3973  4.4341  -8889   -292    7262    -135.7099       -4.4580 110.8702-2.3686  -0.0778 1.9351
smp#14  9904    3084    4160    0.6045  0.1882  0.2539  5.9280  1.8459  2.4900  1937    -705    324     29.5725 -10.7634        4.9466  0.5161   -0.1879 0.0863
smp#15  14068   11980   5412    0.8586  0.7312  0.3303  8.4204  7.1706  3.2394  -7070   -57     5703    -107.9389       -0.8702 87.0687 -1.8839  -0.0152 1.5196
smp#16  12140   7340    5812    0.7410  0.4480  0.3547  7.2664  4.3934  3.4788  -15899  -529    7790    -242.7328       -8.0763 118.9313-4.2365  -0.1410 2.0757
smp#17  10804   5156    3580    0.6594  0.3147  0.2185  6.4667  3.0861  2.1428  26447   2837    -13805  403.7710        43.3130 -210.76347.0471  0.7560  -3.6785
smp#18  12276   12504   4852    0.7493  0.7632  0.2961  7.3478  7.4843  2.9042  -17443  2576    8376    -266.3053       39.3282 127.8779-4.6479  0.6864  2.2319
smp#19  10420   2104    7956    0.6360  0.1284  0.4856  6.2369  1.2594  4.7621  -12143  1954    3512    -185.3893       29.8321 53.6183 -3.2357  0.5207  0.9358
smp#20  13276   14808   11456   0.8103  0.9038  0.6992  7.9464  8.8633  6.8570  14984   1596    -7982   228.7634        24.3664 -121.86263.9927  0.4253  -2.1269
smp#21  11144   4496    9888    0.6802  0.2744  0.6035  6.6702  2.6911  5.9185  -13279  -294    4124    -202.7328       -4.4885 62.9618 -3.5384  -0.0783 1.0989
smp#22  9456    6416    5888    0.5771  0.3916  0.3594  5.6599  3.8403  3.5243  4349    371     495     66.3969 5.6641  7.5573  1.1588  0.0989   0.1319
smp#23  7916    8444    4496    0.4832  0.5154  0.2744  4.7381  5.0542  2.6911  24751   1359    -13324  377.8779        20.7481 -203.41986.5952  0.3621  -3.5503
smp#24  10388   13492   5936    0.6340  0.8235  0.3623  6.2177  8.0756  3.5530  -23539  845     13324   -359.3741       12.9008 203.4198-6.2723  0.2252  3.5503
smp#25  10000   580     5376    0.6104  0.0354  0.3281  5.9855  0.3472  3.2178  23920   -385    -12249  365.1908        -5.8779 -187.0766.3738   -0.1026 -3.2639
smp#26  9556    11948   6780    0.5833  0.7292  0.4138  5.7197  7.1515  4.0582  -24830  -367    11734   -379.0840       -5.6031 179.1450-6.6163  -0.0978 3.1267
smp#27  9216    5660    5616    0.5625  0.3455  0.3428  5.5162  3.3878  3.3615  -1868   850     -2255   -28.5191        12.9771 -34.4275-0.4978  0.2265  -0.6009
smp#28  9496    6956    10316   0.5796  0.4246  0.6296  5.6838  4.1635  6.1746  -8756   410     1283    -133.6794       6.2595  19.5878 -2.3331  0.1092  0.3419
smp#29  10160   428     10952   0.6201  0.0261  0.6685  6.0813  0.2562  6.5553  13481   4972    -2406   205.8168        75.9084 -36.73283.5922   1.3249  -0.6411
smp#30  5516    13868   9380    0.3367  0.8464  0.5725  3.3016  8.3007  5.6144  17019   1619    11969   259.8321        24.7176 182.73284.5349   0.4314  3.1893
smp#31  10244   12236   4192    0.6252  0.7468  0.2559  6.1316  7.3239  2.5091  -4971   -1332   7188    -75.8931        -20.3359        109.7405 -1.3246 -0.3549 1.9153
smp#32  10172   4528    16792   0.6208  0.2764  1.0249  6.0885  2.7102  10.0509 -24613  3419    4773    -375.7710       52.1985 72.8702 -6.5584  0.9110  1.2718
smp#33  7548    -5556   13784   0.4607  -0.3391 0.8413  4.5179  -3.3255 8.2504  -5980   860     -81     -91.2977        13.1298 -1.2366 -1.5934  0.2292  -0.0216
smp#34  7300    6964    17808   0.4456  0.4250  1.0869  4.3694  4.1683  10.6590 1752    -30     3091    26.7481 -0.4580 47.1908 0.4668  -0.080   0.8236
smp#35  7884    956     17488   0.4812  0.0583  1.0674  4.7190  0.5722  10.4675 -14389  -4676   -2638   -219.6794       -71.3893        -40.2748 -3.8341 -1.2460 -0.7029
smp#36  7408    -5388   9088    0.4521  -0.3289 0.5547  4.4341  -3.2250 5.4396  32767   1349    5728    500.2596        20.5954 87.4504 8.7312   0.3595  1.5263
smp#37  7648    1000    8064    0.4668  0.0610  0.4922  4.5777  0.5986  4.8267  -32768  7464    4378    -500.2748       113.9542        66.8397  -8.7314 1.9889  1.1666
smp#38  6264    -4388   11644   0.3823  -0.2678 0.7107  3.7493  -2.6264 6.9695  10591   3751    -2342   161.6947        57.2672 -35.75572.8221   0.9995  -0.6241
smp#39  5756    2580    13076   0.3513  0.1575  0.7981  3.4453  1.5443  7.8266  6541    -3014   3333    99.8626 -46.0153        50.8855 1.7429   -0.8031 0.8881
smp#40  3068    -4420   12392   0.1873  -0.2698 0.7563  1.8364  -2.6456 7.4172  -32768  9012    -4932   -500.2748       137.5878        -75.2977 -8.7314 2.4014  -1.3142
smp#41  4584    -3128   16352   0.2798  -0.1909 0.9980  2.7438  -1.8723 9.7875  31287   -4047   2729    477.6641        -61.7863        41.6641  8.3368  -1.0784 0.7272
smp#42  6100    -1172   14656   0.3723  -0.0715 0.8945  3.6512  -0.7015 8.7724  -15717  1714    -843    -239.9542       26.1679 -12.8702-4.1880  0.4567  -0.2246
smp#43  6032    -3708   11052   0.3682  -0.2263 0.6746  3.6105  -2.2194 6.6152  10977   -2752   1381    167.5878        -42.0153        21.0840  2.9250  -0.7333 0.3680
smp#44  6900    -300    13912   0.4211  -0.0183 0.8491  4.1300  -0.1796 8.3270  4       -2302   883     0.0611  -35.1450        13.4809 0.011    -0.6134 0.2353
smp#45  2300    -12616  11016   0.1404  -0.7700 0.6724  1.3767  -7.5513 6.5936  -32768  16434   -2498   -500.2748       250.9008        -38.1374 -8.7314 4.3790  -0.6656
smp#46  5952    -1320   14108   0.3633  -0.0806 0.8611  3.5626  -0.7901 8.4443  14711   -2563   78      224.5954        -39.1298        1.1908   3.9199  -0.6829 0.0208
smp#47  3996    -10460  12468   0.2439  -0.6384 0.7610  2.3918  -6.2608 7.4627  -32768  12610   123     -500.2748       192.5191        1.8779   -8.7314 3.3601  0.0328
smp#48  5676    -5216   14036   0.3464  -0.3184 0.8567  3.3974  -3.1220 8.4013  32767   -11398  5895    500.2596        -174.0153       90.00    8.7312  -3.0371 1.5708
smp#49  6188    4740    6952    0.3777  0.2893  0.4243  3.7038  2.8371  4.1611  -17632  -10     6543    -269.1908       -0.1527 99.8931 -4.6983  -0.027  1.7435
smp#50  4620    -588    15612   0.2820  -0.0359 0.9529  2.7653  -0.3519 9.3446  -25569  6933    940     -390.3664       105.8473        14.3511  -6.8132 1.8474  0.2505
smp#51  5096    -5844   11732   0.3110  -0.3567 0.7161  3.0502  -3.4979 7.0222  -8496   644     -1332   -129.7099       9.8321  -20.3359-2.2639  0.1716  -0.3549
smp#52  3840    -2504   13124   0.2344  -0.1528 0.8010  2.2984  -1.4988 7.8554  20660   113     -3266   315.4199        1.7252  -49.86265.5051   0.0301  -0.8703
smp#53  9684    -7116   15492   0.5911  -0.4343 0.9456  5.7964  -4.2593 9.2727  -3477   -1529   -1804   -53.0840        -23.3435        -27.5420 -0.9265 -0.4074 -0.4807
smp#54  3444    336     14924   0.2102  0.0205  0.9109  2.0614  0.2011  8.9328  3552    77      -372    54.2290 1.1756  -5.6794 0.9465  0.0205   -0.0991
smp#55  2672    -6864   14840   0.1631  -0.4189 0.9058  1.5993  -4.1084 8.8825  -25522  6178    -3296   -389.6489       94.3206 -50.3206-6.8007  1.6462  -0.8783
smp#56  4584    2460    13220   0.2798  0.1501  0.8069  2.7438  1.4724  7.9128  19100   -4069   1774    291.6031        -62.1221        27.0840  5.0894  -1.0842 0.4727
smp#57  2668    -3256   12808   0.1628  -0.1987 0.7817  1.5969  -1.9489 7.6662  -32768  5825    -2637   -500.2748       88.9313 -40.2595-8.7314  1.5521  -0.7027
smp#58  3436    -7092   16988   0.2097  -0.4329 1.0369  2.0566  -4.2449 10.1682 26728   -5780   4419    408.0611        -88.2443        67.4657  7.1220  -1.5402 1.1775
smp#59  4196    -824    14228   0.2561  -0.0503 0.8684  2.5115  -0.4932 8.5162  -17272  1430    1403    -263.6947       21.8321 21.4198 -4.6023  0.3810  0.3738
smp#60  4044    -7176   12260   0.2468  -0.4380 0.7483  2.4205  -4.2952 7.3382  7099    -721    -1151   108.3817        -11.076 -17.57251.8916   -0.1921 -0.3067
smp#61  3704    -1640   15952   0.2261  -0.1001 0.9736  2.2170  -0.9816 9.5481  3267    -1559   28      49.8779 -23.8015        0.4275  0.8705   -0.4154 0.075
smp#62  2148    -10500  12820   0.1311  -0.6409 0.7825  1.2857  -6.2848 7.6734  -20008  4309    -1128   -305.4656       65.7863 -17.2214-5.3314  1.1482  -0.3006
smp#63  5460    -4460   17380   0.3333  -0.2722 1.0608  3.2681  -2.6695 10.4028 32767   -10283  5305    500.2596        -156.9924       80.9924  8.7312  -2.7400 1.4136
smp#64  5788    2032    11468   0.3533  0.1240  0.7000  3.4644  1.2163  6.8642  -26764  4459    3699    -408.6107       68.0763 56.4733 -7.1316  1.1882  0.9856
smp#65  3384    -7420   13828   0.2065  -0.4529 0.8440  2.0255  -4.4412 8.2768  -23287  6137    -378    -355.5267       93.6947 -5.7710 -6.2051  1.6353  -0.1007
smp#66  4804    -880    13556   0.2932  -0.0537 0.8274  2.8754  -0.5267 8.1139  17795   -5112   -1903   271.6794        -78.0458        -29.0534 4.7417  -1.3622 -0.5071
smp#67  4896    -5980   11768   0.2988  -0.3650 0.7183  2.9305  -3.5793 7.0437  -14119  2456    -1351   -215.5573       37.4962 -20.6260-3.7622  0.6544  -0.3600
smp#68  3760    -5440   12304   0.2295  -0.3320 0.7510  2.2505  -3.2561 7.3646  16904   -1128   4991    258.0763        -17.2214        76.1985  4.5043  -0.3006 1.3299
smp#69  5712    424     14704   0.3486  0.0259  0.8975  3.4189  0.2538  8.8011  -2954   -536    1053    -45.0992        -8.1832 16.0763 -0.7871  -0.1428 0.2806
smp#70  5916    2572    9756    0.3611  0.1570  0.5955  3.5410  1.5395  5.8395  -8251   856     -4125   -125.9695       13.0687 -62.9771-2.1986  0.2281  -1.0992
smp#71  7228    1876    12932   0.4412  0.1145  0.7893  4.3263  1.1229  7.7405  -10535  -1455   -7264   -160.8397       -22.2137        -110.9008        -2.8072 -0.3877 -1.9356
smp#72  3532    4332    15888   0.2156  0.2644  0.9697  2.1141  2.5929  9.5098  -19702  -11     -6207   -300.7939       -0.1679 -94.7634-5.2498  -0.029  -1.6539
smp#73  3012    -3456   12576   0.1838  -0.2109 0.7676  1.8028  -2.0686 7.5274  -17341  4072    7287    -264.7481       62.1679 111.2519-4.6207  1.0850  1.9417
smp#74  2476    -6016   12544   0.1511  -0.3672 0.7656  1.4820  -3.6009 7.5082  3451    1763    -1202   52.6870 26.9160 -18.3511        0.9196   0.4698  -0.3203
smp#75  4812    4324    14152   0.2937  0.2639  0.8638  2.8802  2.5881  8.4707  21696   -1236   -2004   331.2366        -18.8702        -30.5954 5.7812  -0.3293 -0.5340
smp#76  5308    7464    13404   0.3240  0.4556  0.8181  3.1771  4.4676  8.0230  -20840  -3719   4047    -318.1679       -56.7786        61.7863  -5.5531 -0.9910 1.0784
smp#77  4892    -6128   10908   0.2986  -0.3740 0.6658  2.9281  -3.6679 6.5290  7522    650     -402    114.8397        9.9237  -6.1374 2.043    0.1732  -0.1071
smp#78  5852    5280    12576   0.3572  0.3223  0.7676  3.5027  3.1603  7.5274  21123   -3074   1011    322.4886        -46.9313        15.4351  5.6285  -0.8191 0.2694
smp#79  4820    3052    14416   0.2942  0.1863  0.8799  2.8850  1.8268  8.6287  -15238  -304    -1400   -232.6412       -4.6412 -21.3740-4.0604  -0.0810 -0.3730
smp#80  5652    -1296   13128   0.3450  -0.0791 0.8013  3.3830  -0.7757 7.8578  906     -1214   -361    13.8321 -18.5344        -5.5115 0.2414   -0.3235 -0.0962
smp#81  5344    3648    12540   0.3262  0.2227  0.7654  3.1987  2.1835  7.5058  8766    -1495   1179    133.8321        -22.8244        18.00    2.3358  -0.3984 0.3142
smp#82  6476    -1480   12944   0.3953  -0.0903 0.7900  3.8762  -0.8859 7.7476  -27900  6867    766     -425.9542       104.8397        11.6947  -7.4343 1.8298  0.2041
smp#83  7388    772     15260   0.4509  0.0471  0.9314  4.4221  0.4621  9.1339  10428   -1998   -1155   159.2061        -30.5038        -17.6336 2.7787  -0.5324 -0.3078
smp#84  6268    2128    13776   0.3826  0.1299  0.8408  3.7517  1.2737  8.2456  -444    -236    -310    -6.7786 -3.6031 -4.7328 -0.1183 -0.0629  -0.0826
smp#85  5356    -6108   13412   0.3269  -0.3728 0.8186  3.2058  -3.6559 8.0278  -32768  9395    -1314   -500.2748       143.4351        -20.0611 -8.7314 2.5034  -0.3501
smp#86  3504    -11724  12288   0.2139  -0.7156 0.7500  2.0973  -7.0174 7.3550  11419   -1654   3285    174.3359        -25.2519        50.1527  3.0427  -0.4407 0.8753
smp#87  5344    -620    12504   0.3262  -0.0378 0.7632  3.1987  -0.3711 7.4843  13148   -2090   145     200.7328        -31.9084        2.2137   3.5034  -0.5569 0.0386
smp#88  5740    -2604   15204   0.3503  -0.1589 0.9280  3.4357  -1.5586 9.1004  -29759  7328    -4202   -454.3359       111.8779        -64.1527 -7.9297 1.9526  -1.1197
smp#89  5072    -5240   12316   0.3096  -0.3198 0.7517  3.0358  -3.1364 7.3717  20255   -5028   2610    309.2366        -76.7634        39.8473  5.3972  -1.3398 0.6955
smp#90  5600    -2012   13292   0.3418  -0.1228 0.8113  3.3519  -1.2043 7.9559  -11880  2182    -485    -181.3740       33.3130 -7.4046 -3.1656  0.5814  -0.1292
smp#91  3824    -8224   12908   0.2334  -0.5020 0.7878  2.2889  -4.9225 7.7261  -20521  7963    -795    -313.2977       121.5725        -12.1374 -5.4681 2.1218  -0.2118
smp#92  4744    -5836   12152   0.2896  -0.3562 0.7417  2.8395  -3.4931 7.2736  28080   -9693   5183    428.7023        -147.9847       79.1298  7.4823  -2.5828 1.3811
smp#93  5396    -2220   14256   0.3293  -0.1355 0.8701  3.2298  -1.3288 8.5329  -9397   1421    -1013   -143.4657       21.6947 -15.4656-2.5039  0.3786  -0.2699
smp#94  4412    -6252   13860   0.2693  -0.3816 0.8459  2.6408  -3.7421 8.2959  -8421   3976    -1082   -128.5649       60.7023 -16.5191-2.2439  1.0595  -0.2883
smp#95  5652    1448    12640   0.3450  0.0884  0.7715  3.3830  0.8667  7.5657  19439   -3011   832     296.7786        -45.9695        12.7023  5.1798  -0.8023 0.2217
smp#96  4620    -1356   12772   0.2820  -0.0828 0.7795  2.7653  -0.8116 7.6447  -26546  4407    -145    -405.2824       67.2824 -2.2137 -7.0735  1.1743  -0.0386
smp#97  4004    -7248   14268   0.2444  -0.4424 0.8708  2.3966  -4.3383 8.5401  -8432   3317    -1763   -128.7328       50.6412 -26.9160-2.2468  0.8839  -0.4698
smp#98  5152    -2140   12928   0.3145  -0.1306 0.7891  3.0837  -1.2809 7.7381  18989   -4818   1196    289.9084        -73.5573        18.2595  5.0599  -1.2838 0.3187
smp#99  3396    -6276   12116   0.2073  -0.3831 0.7395  2.0327  -3.7565 7.2520  -32768  8968    -2350   -500.2748       136.9160        -35.8779 -8.7314 2.3896  -0.6262
smp#100 4048    -8624   12488   0.2471  -0.5264 0.7622  2.4229  -5.1619 7.4747  2873    -23     -1750   43.8626 -0.3511 -26.7176        0.7655   -0.061  -0.4663